0.06977240865280808,0.27940339140563364,0.0,0.0
0.06428369574579393
-0.2895928652152252,-0.2922004286223061,0.326905725390637,-0.38182618618600667,0.3294797293858099
0.1075137192877914,0.10747805658562479,0.11500866403285227,0.02101768844228354,0.2093951121231683
0.010506983750881363,0.07816849450860903,0.11847302459299654,0.004862456742413551
0.020608252134014286,0.0,0.0,0.0,0.0,0.0,0.0,0.0,0.0,0.0,0.0,0.0,0.0,0.0,0.0,0.0,0.0,0.0,0.0
0.06769035537611151,0.09309664287900762,0.14426011020441656,0.19854583869275205
0.12065390072677988
0.09850167558111551,-0.003536912131773495,-0.01629230313712633,0.23261474812062474,0.12370900254458364
-0.18391989837535366,0.04372382125346839,-0.03182036983450386,0.012952162586714801,0.2177835297575498
-0.013892003903081903,0.07832190675868794,0.07926642068762188,0.07422537310152809
0.0731220615369302,0.1800309175924299,-0.7068459290754318,0.0,-1.3574334952165812,0.0,0.0,0.0,0.0
0.03753525557687991,0.008712434142806084,0.08856052523039634
0.06036119789642848,0.025587540558340317,0.02139257129578369,-0.7512976916462656,0.18301154573056774,-0.4083529405194354,0.0,0.0,0.0,0.0,0.0
-0.015624418280587566,0.22244215305109014,0.24645876544646447
0.11009239876144127,0.21951509568757926,0.005494202661883008,0.04424578474278874,-0.09798736949120651
0.14938362930081311,0.36632467424681747,-0.20881078597380992
0.09046798385586607,0.46172494819958837,0.0
-0.0778360123748859,0.04852847245282711,0.22340701006734648,0.18738508473399118,0.21963049038274907
0.450074330979613,0.0026584935092854086,0.2071232695448027,0.01064031978978125,0.16442469693325015
0.12242126398384658,0.12339374290907223,0.11759800630761974,-0.004689678573120585,0.08705582521928695
0.19308989843297286,0.024104614368660134,0.02381944363038338
-0.04210854556455225,-0.027072808040743267,0.3497625786604842,-0.0699422492083578
0.10923699953158811,0.151180060247951,-0.10020922108390139,0.04383823316768728,0.11825151611939172
-0.12489532103942938,0.11274234988401141,0.0
0.12065390072677988
0.16941959221110062,0.21154404711808558,0.0987343611359483,-0.0430641758921965,-0.20846834809346643
0.12346295913839128,0.16264727325967013,-0.0113179083831914,0.1585664043671471,0.0024978775302724023
0.059458354056690595,0.10093689757853265,0.06247512884078548,0.07507370905844092,0.03568416949869329
0.3183497541539711,0.07630323308168593,0.2028112793030894,-0.05960378848204958,-0.2664656688054174
0.12542934321356028,1.3450456608361736,0.5643791022596715,0.0,0.0,0.0,0.0,0.0,0.0,0.0
-0.26028426460023185,0.05456922261351638,-0.3655053491368061,0.5296361538157988
0.11464477662416948,0.20387375774926772,0.18661082976021465,0.06115682090821213
0.4700065690313103,0.04855207879349124,0.14832598774267758,0.22097230796979084,0.27311338042775435,0.0602041164690206
-0.27886195743191766,-0.024627819047676854,0.33716222555782593
0.07258772811619485,0.007880070436765647,0.21550245956911798,0.06519627644483605,-0.15622613912714378
0.08373797431959155,0.1765806554002773,-0.5985150010884323,0.10890357357684594,-0.7068459290754318,-1.0697514227648004,0.0,-3.1491929644446364,0.0
0.30426078936343737,-0.1608407981882678,0.21953861596794205,0.18830638361216606,0.300313465188111
0.1451142195528776,0.09241226984633188,0.038894579278232755,-0.09156650800616437
0.13444862846587466,-0.09608088449059486,-0.19476251542319106,0.11677089652246608,0.0639034800671502
0.009273732628004613,0.008675512315540646,-0.02067957965682661
0.2543205734353496,0.0221341398768894,0.06888544112000966,0.04694401175174377,-0.17688096509874374
0.06036119789642848,0.11065029891178743,0.11082480375473971,-0.13172885026330572,-0.07835321840383978,-0.24925175553232065,-0.08259457502201338
0.5473947994051308,0.33086299212983894,0.06141346894105798,-0.08173651009219958,0.25793915273733375
0.0027287256264614613,0.049480153106045054,0.05355347849368087,0.05151888979589344,0.415296857002872
0.06613226070054104,0.1099915156605828,0.09212152765701104
0.07877718388725712,-0.21209077534205012,0.014107351544120947,0.01961280777875823,0.2500701806376883
0.04736673210101738,0.2837183927070471,-0.5158663095383627,-0.06728299464959292
0.11340005374755013,-0.13093157783061693,-0.2532810261728561,0.5014652768491024,-0.7978177072811585,0.0,0.0,0.0,0.0,0.0,0.0
-0.037345712334958696,-0.32629253406666014,0.46653959399512873,0.08087004981412893,0.1127423498840116
0.09662837523212427,0.05831740235597961,0.10697864516726163,0.02608483888397028,0.0396495654628634
-0.362499636023313,-0.02097150784456633,-0.021884333101925873,-0.030751536898205888,-0.08372735287597004
-0.09064505136670878,-0.08029472072306833,0.0038327450589364415,0.06968286042356447,-0.010548036999562778
0.05038596667909427,0.11783790231061167,0.14180127708390486,1.1967746204135428,0.19631551135693048,0.049480153106045054,0.4061550970447774,-0.6234643201363809,0.0,-1.896429995949268,0.0,0.0,0.0,0.0,0.0
-0.178778498874935,0.08744091534526809,0.10864366454354384,-0.04175670131064389,-0.0811400293110191,0.5562157916205106,0.0,0.0,0.0,0.0,0.0,0.0,0.0,0.0,0.0,0.0
0.04704888687468008,0.2297989053050291,0.1394766069391281,0.07128799720479294
0.01971605119959133
0.0817446550828049,0.05618172424558501,0.07538088153820222,0.07987464968669486,0.015421445541648362
0.019460533473874293,-0.022104795128234957,0.031919907750392024
0.05955657424154135,-0.0033359614799398627,0.029313661926440682,-0.020478435500865293,0.07358501155539045
0.019068452688021636,0.16902530375582783,0.16575032916979812,0.05625984009142388
-0.1533149289196852,-0.05960378848204958,-0.002524631884269453,0.12976434834414544,0.3184219589267379
-0.2930445320784159,-0.06936098541425985,0.06888544112000966,0.10651495096527394,0.5203625613378083
0.12065390072677988
0.27215402578019193,0.1537634376258001,0.03965916140186214,0.007880070436765647,-0.2336831092304933
-0.06275763466921523,0.014108868473431287,0.6938371694965585,0.34731459702184403,0.0,0.0,0.0,0.0
0.13164073496764414,0.0,0.0,0.5884766538387322,-0.7665651637770541,-0.7978177072811585,-0.20475398527819574,0.0,0.0,0.0,0.0,0.0,0.0,0.0
0.014874623928569594,-0.4019220501891448,-0.0811400293110191,-0.11664671776792888,1.3561568862612443
0.06400181424503931,-0.03982059228377747,0.12078694772339371
0.17788610588710588,-0.043645824883438565,0.12246359763765938,0.02893345328039639,-0.09163482400320148
-0.02317337911416953,0.08377428477494107,0.03271415505071078,0.06895266688984296,0.011779871737462609
0.06118171155689256,0.42315267341334867,-0.009360346916888324,-0.7288248357942072,-1.3574334952165812,0.0,0.0,0.0,0.0,0.0,0.0
-0.0947665716042682,0.1010603961158199,0.17639029466611225,0.29591075915506176,0.10224428148686886
-0.005969945915905698,-0.07259328091213751,-0.06943372062176903,0.16571715322115155,0.1820712541709259
0.061275524587591286,0.08808394579445604,-0.11263869637039015,0.08714849203119797,-0.07028318441173738
0.10074026293768494,-0.09464766377256112,0.06005923675917079,0.14185347323706016
0.37637428136455514,0.1535462430548106,-0.009403928447042794,-0.09494431746513654,-0.16807850671978905
0.09538389667430085,0.018779353606725703,0.3165429383550904,0.0
0.026700499462742135,0.16964421140362018,-0.09043798639019769
-0.32145468607824446,0.004400298383862718,0.06888544112000966,0.13755882933722194,0.41710080452819137
0.08191542885919886,0.4557008335962073,-0.15295061691886186,0.0062865438647704995,0.03241146562633286
0.015018333061532285,0.1099615881350714,0.1408892427281958,0.022647911718591346,0.043338885083962664,-0.006878260691236841,-0.22143367447685117,-0.10881991026802458,0.385952389727258,0.012524446583615907,1.151488030775293,0.7167861024821031,0.0,0.623567973650002,0.0,0.0,0.0,0.0,0.0,0.0,0.0,0.0,0.0,0.0,0.0,0.0,0.0,0.0,0.0
0.039223652938856074,0.33779977738050543,0.4706936181823486,0.034055682780413446,0.02189219658721599
-0.23382914793100834,0.03256901716946911,0.014729412282340275,0.15763582296785816,0.2680280666856762
-0.08017150623288846,0.13829470694877144,0.2786308923328415,0.339532456579789
0.05404696878629183,0.24289002878032503,0.2130402959673822
0.5086943981894659,0.2999284054991022,-0.03981214050581914,-0.07259328091213751,-0.32392687522363345
0.03520941038722651,-0.04031803479076395,-0.01906916104384922
-0.046914437819394465,-0.036754951325523706,0.1819988874161814,0.12592557203698
0.06152013947641032,-0.17109375362419763,0.12585313189061909,0.0988793306925952,0.08384678269065773
0.11420708413714231,0.05049641335611143,0.02191639355049837,0.047016562265070644,-0.05625836293428246
0.08875900748437855,0.06316683178337783,0.1113952692181554,0.011451206507603017,-0.0034593946101985373
-0.03462001367612622,0.18615785141993277,0.3958985968775883,0.310273325341495,0.25616242736618283
-0.042047103519741544,0.5643791022596715,-0.10071012550511635,0.4481192961438097,-0.088922169753074,-0.19726331354903814,-0.15659058389957298,-0.016809170929878922,-0.49830117718237465,0.08948548771974418,0.3222086758907677,-0.024861655129649496
0.13043581625082734,-0.008107095596172516,0.15066529735339065,-0.028183111820476055,0.08632619721254155
0.027498003682140587
0.11030505597981106,0.0027433777484551485,-0.030328005487021206,-0.1046705267212132,0.0,-0.34583258353810126,0.0,0.0,0.0
0.032832369780159,0.12901418564614422,0.022861054794491756,-0.04451286732278973,0.16778633813350197
0.17489599680054546,0.07963319127673267,0.08809635743906086,-0.025979840525431758
-0.000553019302983899,0.05652348364686602,-0.009076518063780185,-0.12876807830027368,0.9240981885796322,0.47514796853172897,0.0,-1.896429995949268,0.0,0.0,0.0,0.0,0.0
-0.07282644223564774,0.3079120491558151,0.14200352200319066,0.15761579846094165
0.07036224124262999,0.12575541361233739,-0.1457978181450759,1.0921337881261102,0.0,0.0,0.0,0.0,0.0
-0.05424806710938851,0.03788862027500659,-0.05424806710938851,-0.03153484438643049,-0.10759023682454802
0.17661959797944915,0.021920507955648035,0.0018423056420211407,0.030907949525034444,0.13709114378027754
-0.02155562001070643,-0.13795650435467988,0.02014241486342851,0.23127828670040207,-0.041796555444519184
-0.13562425616650575,0.06486779312096354,0.21026481104475395,0.28963854017145835,0.1916927354756144
0.007880070436765647,0.09036045496429523,-0.015737825954796277,0.12990921289604299
0.25304554172592986,0.6902593481486744,0.10991520745169013,-0.046850955832386916
-0.1921913280723438,0.04986035715346157,0.056470966451333975,0.21432023588974997,0.3241359892626875
0.12065390072677988
-0.004979764026335839,0.32478097121443267,0.7044944639705464,1.03285717819657,-0.3062234454430555,0.0,-1.444444872206211,0.0,0.0,0.0,0.0
-0.27987461574630396,0.08753002810695394,0.21550245956911798,0.18612805486654044,0.039804288751365775
0.07630323308168593,0.11807461099820099,0.004400298383862718,-0.03313081012465841,0.011444088831780337
0.37332386549696234,-0.19233146527963865,0.10182731375013182,-0.1053321211879519,0.23331228420536668
-0.11798630269698539,0.1552869977157128,-0.042217512074663385,-0.05397264765342635,-0.02504521035808414
0.12065390072677988
0.15992973827134277,0.19624084269906505,0.08383228352798425,-0.003851223622584497
-0.05220232756655925,0.0016978842008373463,0.1454913680751389,0.2827330919387699,0.317829884609673
0.15169749774664484,0.2267299941222794,0.059458354056690595,0.038658005148292665,-0.07193307225727176
0.06370759723347763,-0.051261059103020805,0.13567580282962477,0.1125028576064927,0.06822881235486546
0.06369091856743696,0.09551649279438654
0.4229824171773028,0.29577393517720646,0.1333281255839208,0.0074683299536047855,-0.16552294416040111
-0.03981214050581914,0.13369035255930142,0.11420708413714231,-0.056331071699356174,0.032641588743215516
-0.021299618748994678,-0.04155570301845279,0.037645695459042304,0.10915009151227387,0.06968286042356447
-0.03567765523426159,0.10097386472650449,0.12075613060756507,0.06790350052348725,-0.02041018310347339
0.4631316160359827,0.147632951446041,0.0545869093634881,-0.04695729544576545,-0.35493648709879966
0.35324933254165863,0.6432271686101404,0.11347187754722576,-0.13182151578716406
-0.09494431746513654,-0.06936098541425985,0.02900603538893872,0.12585313189061909,0.2113270881586376
-0.014448654812346867,-0.1119300867340174,0.07660330326813837,-0.032903728351536446
-0.01427099459691063,0.15435817761564666,-0.09803615689078021,0.0316347927860347
-0.048317590170081415,0.14077878210729486,0.08386749541552112,0.023411261135744866
0.3563788699519797,0.2239781952489053,0.09529988014513387,0.014802020741257707,-0.3685106066754906
-0.034864977416271314,-0.004759615830951519,-0.022014804757143853,-0.04281417080358152,-0.10420378225533039
1.188097776387854,-0.33828537790271834,0.33716222555782593,-0.18908786853379636,0.10408428714089699,-0.17877849887493513,0.22240394744122846,-0.1287680783002738,-0.15624233385252206,-0.0038658275992476273,-0.03437131932020627,0.09199615938755569
0.4640723671178933,0.2308418913192674,0.2543165569758988,-0.0356776552342617,-0.00456187321833538
-0.037039125832582946,0.14849404084785447,0.0036929941963825905,-0.06599368854734627,0.4992984287640121
0.12065390072677988
0.1510433807191778,0.15454908106680618,-0.02111750390293194,-0.10900892831981132,0.0025832393382872803
0.09239592766279782,0.19733493471192398,0.18195016229464575,-0.05063167867229299,-0.01170074585281353
0.0010980689259530107,-0.0356776552342617,0.17629259548182283,0.5110185947997283,0.38828203551006707
0.032060868633980305,0.02014241486342851,0.24592537114113716,-0.03694830343571743
-0.15137952468682056,-0.014734481389018405,0.08741937128227228,0.3279361221845334,0.009881070719625195
0.07232642195721492,-0.025206355366966367,0.34731459702184403,0.0,0.0
0.033572417900197986,0.23359271402964132,0.2122734729083565
0.1440128156592267,0.07699781295532566,0.021096268346299223,0.07724910080688042,0.13715332083422002
-0.09802598400254453,0.08539215412874437,0.05036707112427304,0.0349188679872245,-0.05815051108632039
0.0931068056968777,-0.6747576145239315,0.0
0.1442304646495116,0.016112444814811014,-0.004425111730157316,-0.7512976916462657,0.0,0.0,0.0,0.0
0.000952077786232762,0.3174616338721631,0.007807456705477077,0.0,0.0,0.0,0.0
0.04928820838553511,-0.09246462104170952,0.0040528347206502035,0.06943282916835526
0.12065390072677988
0.004153372249834499,-0.31011450093602194,0.24026916099909812,0.22668660923322936,-0.20475398527819574,-0.14280339641665712,0.5603057768720358,0.839791082119638,0.5396864896693,0.10890357357684594,1.1343935974159929,-0.40032076882217105
0.00044365317973250266,-0.19205303008363123,0.3291124199234615,0.11038177044615675,0.4869301372299891
-0.295658974370523,-0.07259328091213751,0.03599907087990914,0.2414337223045332,0.4016943370758401
0.2070244125486004,-0.04313686351716039,0.02385704821814754,0.008678473672790149,-0.008532658516082802
0.03171393488571592,0.027763773088936444,0.16557624397692364,0.14883304429034552,-0.029910451512103888
0.03693526898634268,-0.020076714791781938,0.02807141295317425,0.16516618541055722
0.11088634529337456,-0.10698802486157566,-0.2869920835151677,0.3320471248910556,-1.0091268009483652,0.0,0.0,-3.8423401450045818,0.0,0.0
-0.05311271705636315,-0.15609573852865036,0.09249753818973586,0.24866551595200448,0.02651729792184099
0.09071022761564022,-0.03761189181409267,-0.10905329487630845,-0.07055791998048218,-0.0828372051336004
0.13060347483138293,0.0,-0.20475398527819574,0.0,0.0,0.0,0.0,0.0,0.0,0.0
0.4396536371192616,-0.1957718889623681,0.2696692533973245
0.17378957835722522,0.05420657528406592,-0.01623820208407495,0.030529655540071764,-0.045114305889000283
-0.026406500751525508,-0.08549638557974562,-0.056331071699356174,0.11814706164123225,0.2590392941105633
0.08009359644140326,0.006718856658451143,0.12940209512518663,0.09258249273910298,0.06182598892834448
0.13067382060391575,0.0,0.04265418803564534,0.0,-0.5651954120124051,0.0,0.0,0.0,0.0,0.0,0.0,0.0,0.0,0.0,0.0,0.0,0.0,0.0,0.0,0.0,0.0,0.0,0.0,0.0,0.0
0.16381933117296055,0.13422138156113564,0.23582484834124987,-0.15237432467842418,-0.04910067556640249
0.008253273991464829
-0.03847135677672304,0.19363043110927733,0.00684425108294412,0.1503023248178858,-0.03394003533572083
-0.3341210365731067,-0.019638642836086264,0.09508244945031077,0.1942913655057013,0.37162857539538635
0.38622657780756686,0.06895796006561612,-0.009331293618610563,0.04333162926933417,-0.22820467931028754
-0.10750555206352012,0.0912268899882801,0.10658741735901549,0.12585313189061909,-0.026333839534418247
0.0645561046772188,0.04148410850390553,0.17197844300504841,-0.09426644836853648
0.16233800358383682,0.07103460341204995,0.11641675692762898,0.10918773176014557,-0.02728386310579307
0.06404198053347872,0.0682325338459182,0.04506410874177262
0.1513908474161621,0.10448985447985083,0.06494805079222901,0.06877922646289536,0.06284388539633848
-0.1464850771542198,-0.03985302664474244,0.28355277495244524,0.24389078244334952,0.010931482988810096,0.0043973937249351305,0.3927320767126369,-0.11035559035582136,0.07073493837436837,-0.27695855452559,-0.05060330545093741,-0.20817747372971662
-0.27987461574630396,0.018389566036013896,0.014874623928569594,0.1819988874161814,0.33740285890595634
-0.2904236204859626,-0.026406500751525508,0.12976434834414544,0.18612805486654044,0.26795580973994604
-0.10348075858562439,-0.10824834806909711,-0.11183901619982572,0.5155335041813034,0.0767168870809447
-0.01159293041695723,0.08735192599723439,0.22179063862102263,-0.11809354705335383
0.031923655433855176,0.2667355617950324,0.15960841183305186,0.061049206230766186,0.05400504770433488
-0.007849772611521378,-0.16979048222898982,0.03532897355980203,0.05243824893603583,0.08880912651709144
0.8508227844603058,0.3421297034306521,0.21609391591174834,-0.03144503941954989,-0.38159454920644353
-0.06793851745248311,0.1593989098203214,0.020815770218477827,0.0,0.0,0.0,0.0
-0.2930445320784159,0.04694401175174377,0.06152013947641032,0.050568963869438335,0.4274293949524134
0.052740139693252475,-0.058962528995332025,0.10408428714089699,-0.23799579752701147,0.1594440763266547
0.06003648337175922,0.28721067295213865,-0.018541372991274563,-0.22407825810459853,-0.055718406117707966
-0.03391320837155452,0.028860865903309395,0.09508244945031077,0.1092663524670934,-0.021575934685012323
-0.06957920690994314,-0.06957920690994314,0.115293371675617,0.1855593178093664,-0.3636674511741354
0.06584891335620408,0.7062596894951156,0.0
0.006411295920222377,0.4481192961438097,0.017931795371119205
0.042460549074881455,0.1500513068936618,0.16941959221110062,0.01897015970933761,-0.1738820810096339
-0.08542362391056071,0.09129938264843021,0.018389566036013896,0.09508244945031077,0.061592668941537546
-0.08311280564623409,0.2626617116915072,0.19719618072252432
0.056700401079532226,0.18625303965473877,0.007085955952677529
-0.15494989444211288,-0.019324642397654943,-0.046850955832386916
-0.0033999963149119335,0.09600016874093793,0.1993303158248993,0.09414315799372527
0.09752182390599459,-0.10062603182470681,0.18267070248107692,0.07395941719082481,0.026736697874713857
0.010459901679919987,0.18661002653736322,0.4024939180508652
0.07019171297207209,0.12417104570763436,0.0,0.0,0.0,0.0
0.03357661999225146,0.1144823886038848,0.15187130499484447,0.10473690088199981,-0.01613650002742647
0.19071985546639858,0.0744173975056764,0.018769962921346563,0.05142592589539929,0.031482764474691845
0.3863708571325898,0.18612805486654044,0.050568963869438335,-0.17109375362419763,-0.1739549859052299
-0.10138932504608403,-0.005824692084580532,0.06152013947641032,0.10240019058640537,0.13012647038322853
0.0057075609285926815,0.05067991329794931,0.021692376424696864,0.0887368165759928,-0.02874782937013831
0.12529494041645498,0.16456345620180865,0.2875953623202219,0.064951686047663,-0.049920011949804756
0.0311310144378485,-0.029033112515593134,0.2742195909190829,0.3320471248910556
-0.20300113645078133,0.03621678560191281,0.12195659005789994,0.10651495096527394,0.14961696491492105
0.06126039404886807,0.37389423482655615,0.10890357357684594,-0.28699208351516786,0.0,0.0,0.0,0.0,0.0
-0.05130297313734254,0.07370982901002526,0.06168485982097468,0.059458354056690595,0.07920262076416029
0.08362927317375891,0.1377761025591522,0.16970917449068884,0.02900603538893872,-0.20570209460057623
0.09339100449501755,0.10875332190501327,0.19300607645556325,-0.7742872098709644,0.0,0.0,0.0,0.0
-0.06351245422770577,-0.0811400293110191,0.0,0.0,0.0,-0.7512976916462657,-0.2588212065484716,0.0,-3.8423401450045818,0.0,0.0,0.0
0.026118454781999333,-0.6436670274539003,-0.38707554207215045,0.2181028655418378,0.1232236273515944,-0.441142763342426,-0.38182618618600667,0.0,-0.5651954120124051,0.0,-1.0091268009483652,0.0,0.023638921922157673,0.0,-2.456045783884691,0.0,0.0,0.0,0.0,0.0,0.0,0.0,-1.5910483463980865,0.0,0.0,0.0,0.0,0.0
-0.06874663671781545,0.1473050586085705,0.4491724821284684,0.44262477682616896,-0.22782510617950744,-0.2007135757411907,0.7426273336659903,0.0,0.0,0.0,0.0,0.0,0.0,0.0,0.0,0.0,0.0,0.0,0.0,0.0
0.12728731072963217,0.052580930784293364,-0.615496150487204,0.23519729890113808,0.0,0.0,0.0,0.0,0.0,0.0,0.0,0.0,0.0,0.0,0.0,0.0
-0.11691449123317862,0.0,0.0,-3.8423401450045818,0.0,0.0,0.0,0.0,0.0,0.0,0.0,0.0,0.0,0.0,0.0,0.0,0.0,0.0,0.0,0.0,0.0,0.0
0.12244174697272518,0.10133655422535903,0.18705786867202553,0.020688024147435046
0.01139705074830767,-0.0037370893625260234,-0.04466452540084448,0.033544715215735786,-0.08892216975307413
0.11990057658418203,0.014821673252112316,0.030162102261281163,0.1624645938745306,-0.02086723799409902
-0.20014652475597422,-0.06611868073549718,0.06519627644483605,0.1575634247777812,0.28154877182811366
0.514512722016552,0.0988793306925952,0.01129887718555104,-0.029628735431270595,-0.27448732329287095
0.043779469474716726,0.17558466602164335,0.030968348242874196,0.12095645018348274,0.06614720559125681
0.07754659688377913,0.2520044172175193,0.3563644325417621,-0.1706068497256156
0.1534738343802196,0.10261765280320248,0.047016562265070644,-0.03313081012465841,-0.08208524332693376
-0.10750555206352012,-0.06611868073549718,0.021843800904101516,0.16571715322115155,0.19034609805471825
-0.21888065765602202,-0.10218684113658488,0.14961696491492105,0.1535462430548106,0.20288361988256892
0.12601472193702387,0.06567483902602567,0.15938292733712256,0.32722783845510667
0.05420657528406592,0.08003205271393328,-0.005969945915905698,0.10324043760288601,-0.0019367195375933084
-0.11341948891444867
0.11381995693115882,0.06344333934082026,-0.03365072533804261,0.0736363875826959,0.04448542559620592
0.031461647603366893,0.0,0.0,0.1279517685475402,0.049480153106045054,0.25477834410024436,0.2520044172175193,0.0841235445783589,-0.1436406447096697,0.09575510073333969,0.02189219658721621,0.13202020729098035,0.7891473493008833,0.4708721736689404
0.11223009852815041,0.02525589093380946,0.2525724376815279,0.05338250422489175,-0.0021268697568389457
-0.15927466075606506,-0.04975476912509853,0.0009320903782992512,0.07615820044908951,0.37659069254664407
-0.05815051108632039,0.08232982212433194,0.10012388592480015,0.6042250108068713,-0.029348520182614274
-0.2922004286223061,0.034055682780413446,-0.38182618618600667,0.170174398969887,0.03664300634536431
0.025382601526984544,-0.03567765523426182,0.3405578145589641,-0.005421082657704449
0.11932747100257984,0.14664390155969292,0.2181028655418378,-0.7512976916462657,0.0,0.0,0.0,0.0,0.0,0.0,0.0,0.0,0.0,0.0,0.0,0.0,0.0,0.0,0.0,0.0,0.0,0.0,0.0,0.0,0.0,0.0
-0.24484525269249774,-0.09501709502057058,0.08745753019123746,0.16557237256359453,0.36184762420797933
0.08972531025222062,0.11472883276792609,-0.06945150114385414,0.2327411181419356
0.16326668170718237,0.010047613878829992,-0.17751825926264742,-0.088922169753074,-0.2588212065484716,0.0,-2.456045783884691,0.0,0.0
0.15825099604991583,0.11366581130006395,0.06513352076041065,0.019830488475526,0.034881353684892376
0.09477286468477875,0.0,-1.896429995949268,0.0,-3.8423401450045818,0.0,0.0,0.0,0.0
0.09846466184901657,-0.10030426833990447,0.20003089696876272,0.027593170825446548,0.15514613353088597
-0.04313686351716039,0.004400298383862718,0.0988068485412932,0.11042636129723624,0.00795267889568309
0.12065390072677988
0.005488951102334124,0.20995618097401988
-0.08798697843830562,-0.01579990492411141,-0.2869920835151677
0.17869933551238776,-0.03082173943254622,0.02070806382599932,0.0120537475869284,0.17697051204429645
-0.16224190773614083,-0.09809876155797852,0.1376312589899534,0.08753002810695394,0.263487936099734
-0.03583987439270003,0.18177925968430267,0.5355111182588195,-1.444444872206211,0.0,0.0
0.04845922397193799,0.003359516352894833,0.04499235753560896,0.09519619384596556,0.15420988054442955
-0.02637076506693913,0.1735263023398502,-0.0006833804034160327,0.013838461780119262,0.2033340063564153
0.013225077179787326,0.051999334559707816,-0.10244780964696135,0.1279517685475404,0.0465604430027103
0.0982957953070458,-0.46768231857703824,0.0,0.0,0.0,0.0
0.06320623609526536,0.16997421152097153,-0.015607510308985767,0.03128634740132282,0.11618469407498438
-0.03845929819613854,-0.061653141637522266,0.6166475308054284,0.13600550335463718,-0.6642863146566359,-0.0356776552342617,0.11847302459299654,0.2901561831818954,0.10247268324655547,1.0096901189150356,0.0,0.0,-0.34583258353810126,0.0,0.0,0.0,0.0,-1.203282815389323,-1.0091268009483652,-1.896429995949268,-2.456045783884691,0.0,0.0,0.0,0.0,0.0,0.0,0.0
0.13369035255930142,0.13755882933722194,0.0010047093827246065,0.08753002810695394,-0.15920177711476616
0.11495270259826063
-0.34663806082691834,0.03235127084307808,0.16956439383313188,0.12599800693614596,0.31394740697727136
-0.1828544925812233,0.11807461099820099,0.15361864648676482,0.21550245956911798,-0.07895535031800609
0.04408529303053991,-0.06204564709723286,0.06968286042356468,0.018389566036013896,0.0,0.0,0.0,0.0
0.3964654464972603,0.17378957835722522,0.04333162926933417,-0.13833891701902024,-0.19706530096938152
0.00044365317973250266,0.03627379829243473,0.07337972230489063,0.2366700532174126,0.2818573803672003
0.07723596313724009,-0.09855280300362677,0.1794842052125993,0.04398974749960966
0.3517992338328239,0.1495445562403301,-0.04313686351716039,-0.002524631884269453,-0.20285520430896817
0.0424807726185802,0.15692676851527693,0.11878019707275778
-0.009611335184504381,0.07122013974245105,-0.10742156009310305,0.11601224205317291,0.04336953219777304
0.03201544265182475,0.062178736443172435,0.4353513319906489
0.36148686082876447,0.12202903545221574,0.014874623928569594,-0.1043793211280079,-0.1472483559103669
0.08556847432667972,-0.3863498526353684,0.39898660756616494,0.0,0.0,0.0,0.0,0.0
-0.023028051399918658,0.11807461099820099,0.17788610588710588,0.18612805486654044,-0.22820467931028754
0.12367063464525636,-0.174454167811932,0.03208841039417599,0.08627177311664842,0.16320891843438787
-0.17703177353999336,0.04022082769324846,-0.030544652830127264,0.15359419916087805,-0.19350417233148656
0.14298170457777157,-0.013172940072910245,-0.13397100366899567,-0.19099861020971023,-0.3828738552184505,-0.8537763609292031,-1.203282815389323,-0.4750443150181075,-1.6451155676683622,0.0,0.0,0.0,0.0
0.041004511590633716,-0.029114875321738298,0.3286970380057736,0.155860556664617,0.0,0.0,0.0,0.0,0.0,0.0
-0.24712681473263834,-0.0399925063855362,0.1285735946635455,0.6334209489406971
0.22001674172412206,-0.16994191707443693,-0.05625836293428246,0.27526127938178657,-0.06384853220095817
0.009022523683645131,0.09995590339458824,0.11682664841417326,0.15947324700429144,0.2028379686697663
-0.019148353283051103,-0.008104328330162268,0.2145780116984022,0.06384768704684254,-0.0143891178905072
0.10484677288123137,0.13941619843823977
-0.2505224037337762,0.3130646739787654,0.21464863067375026,0.9008513388808845
-0.07259328091213751,-0.03313081012465841,0.07251520917058835,0.09515493160161281,0.12202903545221574
-0.23659396694549445,-0.04313686351716039,0.04694401175174377,0.16956439383313188,0.318566352833566
-0.027838094677924936,0.15394741278665647,0.06794221594578051
0.012979750886518468,0.2238335402508229,-0.15812270399645656,-0.4348136282907785,0.6611663872070097,-0.03567765523426182,-0.2588212065484716,0.0,0.0,0.0,0.0,0.0,0.0
-0.062076703801601414,0.003981270020685821,-0.1348843053177098,0.11892643652549797,-0.04719851999043607
0.2904452005249477,0.13748639443805585,0.01831696811954247,0.0010047093827246065,-0.2111540071236632
-0.039407105225693344,0.13202302099031962,0.12410684231125245,0.07762992211609641,0.04194416244489603
-0.05662195963683018,0.09151682910309754,0.007662213422723613,0.07652074259858478,0.05800200081080898
0.06783451792275323,0.2077041583209392,-0.1824482277638974,-0.1534606908906453,0.0,0.0,0.0,0.0,0.0
-0.043079831241909415,0.0,0.0,-1.896429995949268,0.0,0.0,-2.456045783884691,0.0,0.0,0.0,0.0,0.0,0.0,-2.7437278563364718,0.0,0.0,0.0,0.0,0.0,-1.6451155676683622,0.0,0.0,0.0,0.0,0.0,0.0,0.0,0.0
0.16834406263206397,-0.7665651637770541,0.0,0.5143686816850102,0.049480153106045054,0.2520044172175193,0.07632740314223313,0.0,0.2094448027987233,0.0,0.0,0.0,0.0,0.0,0.0,0.0,0.0,-2.232902232570481,0.0,0.0,0.0
0.17275504556337845,-0.0437245165041332,0.00523628908146979,0.20363083293330342,0.17007103445483304
-0.20475398527819574,0.2864058439348516,0.41846003223515654,0.0,0.0,0.0,0.0,0.0
0.11341825393137246,0.1839509539725036,0.2119990826038201,0.31654293835509056,0.312629039033954
0.034887573770169766,-0.02862199502757261,0.06417994222633444,0.15369673017660007,0.10931705301213512
-0.19038404499524297,0.139594849622279,0.17404287574780744,0.3314058937052493,-0.05296915234432281
0.03289946237299423,0.28291443631341073,-0.021791987050423633,0.06366478809800158,0.08923567507792561
0.2118252201739191,0.07429804439937036,0.16056062715982275,-0.061108141995623214,0.01646216421865497
0.08354855005878802,-0.0527235225072504,0.07758260956024526,-0.012680245626558541,-0.0831643215002497
0.01137148564446835,0.02545518890407166,-0.02647916724866901,-0.0430641758921965,0.2241228293249457
-0.0356776552342617,0.05253670158859416,0.170174398969887,0.19394061626275816,0.11438303934147151,-0.05744053590562791,0.34614841613166175,-0.15068676400791992,0.019008569460297765,0.115790859373057,0.10408428714089699,0.05643239462904076
0.034012141100133106
0.09612533693586295,0.14446287561333257,-0.055071655811956395
0.022203938111484852,0.507220688419723,1.6193707684518908,0.24083111661939396,0.049480153106045054,0.5765004627920165,0.16499304022788944,0.0,0.0,0.0,0.0,0.0,0.0,0.0,0.0,0.0
0.250126753634155,0.10651495096527394,0.11800215510569394,-0.0430641758921965,-0.20285520430896817
0.06067691108796947,0.282641386679409,-0.13378376279644102
-0.01027213179883904,0.054005047704334674,0.07869869910518527,0.035279615522761223,0.2633039724714526
0.022198860394090494,0.05784840277656169
-0.045023517652499484,-0.0757876525724271,-0.15346069089064515,0.17888215238855656,0.20024933570562306
0.05922840251970567,-0.009188915896025373,0.016076237668550823,0.35216274568806205,0.12314329638798124,-0.020276580783938358,0.1819395427692321,-0.08077672322164607,0.060550376860291986,-0.1108117947432957,0.1668095711542874,0.09911875969684768
0.15183871843679694,-0.11317938305563557,0.18627192807141765,0.06407191034806595,0.07239105436044421
0.17986032734977814,0.07576601537697003,0.08923190587484557,0.047219318984162574,-0.022348086562038794
-0.14398194693610133,0.032729342681229595,-0.20424804041539185,0.3510953198617499,0.2622459112697161
0.11420708413714231,0.04694401175174377,0.1819988874161814,-0.01623820208407495,-0.1290593475078963
-0.1769538806261376,0.0009320903782992512,-0.12913217806763116,0.19861521630620965,0.376446423629132
0.1313858735926475,-0.04903811496079537,0.11297137579617154,0.2150008053560307,0.1658238638295282
-0.10124374344734087,0.07995954428479654,0.1298367832433114,-0.023028051399918658,0.10276260134672335
-0.11423997773736388,0.13030748223999938,0.4827381377984046,-0.11464069904106311,1.279637736427048,0.23350094565295956,0.2685337191687298,-0.2465511139566572,-0.29656153453131856,-0.15249961441109453,0.012450914468431582,0.0507875137315289
0.013259470504984385,-0.006109632961277018,0.06968286042356468,0.06520476359163085
0.09196033699497431,-0.04411422724962772,-0.09819801221559574
-0.04745306322639262,0.3330499663590225,0.17254024586327224,-0.0008149022428072476
-0.09041282302637635,0.041299651486330156,0.18752968989834867,0.14062208615308755,0.3304572329198176
0.1620105405678581,0.15964963603219476,0.2273242423607441,0.08817744305972891,0.018537813015753357
0.3465928358934343,0.27251533661983446,0.1298367832433114,-0.12299848040744266,-0.3084157877417921
0.3830326796239232,-0.06067895743967905,0.14664390155969292,0.9401390559539202,0.06786302370657847,-0.5195785756296596,-0.09012481571883435,-0.183597785310884,-0.14723014114000912,0.2766970298078907,-0.006478500541999465,0.10968819503726349
0.16103263901179252,0.042417976861758425,0.1989551961277038,0.044831144267801076,0.00011839703765548138,0.25767015475319655,1.1134869125966793,0.7009546372654224,0.0,0.0,-0.4750443150181075,0.0,0.0,0.0,0.0,0.0,0.0
-0.1685210838720847,0.10671778035686555,0.1938040872842704,0.3272436774046678,0.1752687028060935
0.3043397864168885,0.07995954428479654,-0.07895535031800609,-0.00947656855167634,-0.07888260981970154
0.01137148564446835,-0.11373020093573315,0.05785693661965,0.12585313189061909,0.10658741735901549
0.332480400461092,0.10637000242175298,0.12990921289604299,-0.01616555670247298,-0.28244861974147667
0.18639640736243238,0.16229580325888818,0.025045352352859006,-0.09946866041705127,-0.11361113164917484
0.07758731754365084,0.1523531052920695,0.4927695698815485,0.0
-0.025679494654909613,0.14226926742064608,0.06107448588696432,0.1700889745170856,0.002248130540082758
0.02014241486342851,0.0442559357388554,-0.09939346962036934,-0.02024184710442235,0.233021966305229
0.0687403874498974,0.09500996204496584,-0.005824692084580532,0.02900603538893872,-0.012681380503892541
0.3277965511486657,0.10651495096527394,0.036144219294417676,-0.03981214050581914,-0.19139010330025186
0.11035390015449233,0.12976434834414544,0.1575634247777812,-0.06936098541425985,-0.1259969834036992
0.0036777989757857117,0.00999949951793188,0.03991070208989443,0.1722724172307907,0.3834382357483099
0.3230623384832402,0.11807461099820099,0.06888544112000966,-0.12606980865953024,-0.14423863914620855
0.07760593526089185,-0.21680944389262763,0.1579124006236593,0.14076877805565363,-0.011527195001978654
0.09756129697291135
0.12065390072677988
0.05829293964100662,0.029829388981439813,-0.009708718284285437,-0.16556191816961366,-0.1068595097185949
0.042367049776601474,0.07581784899108068,-0.40299099737804994,0.0,0.0,0.0
0.03549391113130521,0.04310322261885262,-0.006889684758318959,0.21411614929801667,0.3165429383550904,-0.23142223236035692,-0.17877849887493513,0.0,0.0,0.0,0.0,0.0,0.0,0.0
-0.00763650577288626,0.10293043486188086
0.14106411376125502,-0.01990314798042928,0.10766477422777035,0.1063653900777367,0.04680716164602226
0.4397934561936074,0.14045193131177178,-0.15346069089064515,0.08219682571503888,0.06384768704684254
0.09015807962595486,-0.020538594018577477,0.009608934403988146,0.23243002474335614,0.1250165251999827
-0.07902809610787553,0.01137148564446835,0.050568963869438335,0.10651495096527394,0.09137187005377508
0.5845005054590928,-0.021635298111222764,0.764828043646183,0.12227531054273512,0.28479424004050996,-0.04253874561420695,0.3212194862389921,-0.036985699894277024,0.09867039729681697,-0.09919106095658753,-0.13064601312447385,0.14218239688069118
-0.06801303587719824,0.05625984009142388,0.11829984942588279,-0.015091021625873575,0.14079693735279958
-0.04628931582885607,-0.04837799159798955,0.04205186908956346,-0.37660424220485494,0.0,0.0
0.32277348810572626,0.09515493160161281,0.08003205271393328,-0.01609291659783936,-0.2336831092304933
-0.04223505578042075,0.041195824061260884,-0.04223505578042075,-0.19146180906925891,0.3130646739787654
0.11163909517103429,-0.08955581641066754,0.013663236742272558
0.021135909918534666,0.18431731305429216,-0.05477131404984142
0.065123746979709,-0.06928825549677618,0.11035390015449233,0.0397317277093574,0.032641588743215516
0.01831696811954247,0.05035129653681745,0.011516686748251974,0.11814706164123225,-0.02288274480274357
0.010441578871294915,0.020317530878235464,-0.0004913461092179684,-0.010746588691470106,0.25760275234294033
0.0819438351256232,0.30007282025854165,0.07367488169310213,-0.024994186518343668
0.06864335929045966,0.04222059309324102,-0.11350863987893008,-0.18866926144275853,0.21035289133488866
0.08063587244276169,0.07351829050886567,0.09655080560984487,0.0047633143242489205,0.12821258141578679
-1.0091268009483652,0.15690254904815246,0.09011441855808565,-0.004948980513010881,-0.024188355186505858,-0.11921076784756675
-0.0013026273237048242,0.11158334293396133,0.06968286042356447,-0.5842436069830994,0.0,0.0
-0.022345581465210554,0.21437720500878749,0.3165429383550904,-1.444444872206211,0.0,0.0
0.11279787613406062,-0.1609208814749285,0.10095350331138553,0.34541886185694476,0.06968286042356447,-0.12471127760465937,-0.013698748515486485,0.17704137874406387,0.961680899728675,0.6794484320444588,0.23519729890113808,-0.4083529405194354
0.21398932621604566,0.6857689948470482,-0.177863167003247,-0.1586210414499548,0.06555671251239253,-0.07992741800640844
-0.01910164940895626,0.083485469719647,0.19065913080029642,-0.014843568331419846
0.10684640626805203,-0.1241767020067595,-0.07341798321710873,-0.0811400293110191,-3.436875036896417,0.0
0.35147260717050777,0.24417240851078625,0.03541826644946843,0.011469123191440344,-0.08660551932357426
0.0025473627537343046,0.0070334628587882244,-0.052484773550642974,-1.7628986033247456,0.0
0.2376156797654197,-0.09161977052572239,0.06003648337175922,-0.09161977052572239,-0.09161977052572239
0.08321254173388752,0.15820472396076893,-0.08870815156071067,0.06160801841842755,0.14038094387651798
-0.11668990218699722,0.10506708820280498,0.19411043879861678,0.20419677991917806,0.23105685612775062
0.161596224183955,0.10261765280320248,0.11042636129723624,-0.0981715444103707,-0.07888260981970154
0.06328146274591914,-0.017746946815020787,0.03700518084499529,0.13550731909482186
0.03375589049139536,0.1126739293715153,0.06362197712982498,0.12181364185875487,-0.007506778267565302
-0.002562046449764162,0.20330684135425028,0.06256078434915142,0.06385948583038792,0.5605205765721423
-0.022206705767515864,0.1084562463495253,0.33297909140771925
-0.009691280981296792,0.20519946070592987,0.27195903174706376
0.06254904140225866,0.14796577881760878,-0.10751750373314141
0.07354972002578536,0.06420396110264377,0.10275163300253995,0.038351343572923656,-0.008174736344634666
0.08375011763500001,-0.01891748637679651,-0.11757393155712115
0.004400298383862718,0.036144219294417676,-0.0564037857513787,0.18598331611972524,0.015164983977067052
0.2575445975931345,0.08457147291731529,-0.15624233385252206,-0.10497978913283226,0.06937512076888164
-0.12451850651972497,0.18515211022967862,0.16788142680375873,0.0883083245467295,0.18240603556977225
0.17929176462803575,0.02226018187195716,-0.06355402476251668,-0.10218193149244809
0.14947214232234357,-0.0024520076059412676,0.10651495096527394,-0.017746946815020787,-0.04489751701420052
0.05173998842423708,0.3438621622341301
0.1577757419285371,-0.006234657575660768,0.13908024778408623,0.13869412254600488,-0.0226904597074506
0.23293485449716853,1.0148849357921397,-0.29496025316434465,-0.23999371341049813,-0.04013200558364186,0.09924166266510896,0.1938651303219786,0.29892542196424776,0.05651968158957288,-0.06149835485600445,-0.14025045915383882,-0.029836164154814916
0.01544766639032326,-0.08916634018524795,-0.060597294788047304,0.055608374270337685,0.24400146435471776
-0.01869308352786231,0.11559663172343011,0.06470810078572416,0.0672556747659534,0.14513719643813178
-0.0627063276221811,0.09528968913733914,0.09069139681975584,0.12581924679497525,0.050380108169036084
-0.07734846791852118,0.03972036224994998,0.128771776793571,0.15054863123784915,0.10724709518584907
-0.14015672526428227,-0.09328866016589156,0.20577675650358024,-0.059542945750845164,0.04350998611954129,0.04867951255086591,-0.08956274372924108,0.17715652642108679,-0.04479578160493935,0.2007111228299686,0.002474110730114446,0.11473604984584204
0.19027374177235226,0.19436372702387744,0.1777413461879532,0.011516686748251974,-0.3084889486592625
0.4001050865515044,0.4886053968740579,-0.0036905939539393284,0.04711118545980923,-0.036252533088553286
-0.0364768125291458,0.061946590489074714,-0.011301262464472966,0.06888544112000966,0.14165960258554983
0.06817634986208425,0.14664390155969292,-0.023335829203874146
0.020007689366424355,-0.13121008195582542,0.06487130342634259
0.11495270259826063
0.16811711926642758,0.09515650042125967,0.0601818010178013,0.03939264322231693,0.002410698519015239
0.11250893680014865,0.08014437933535838,0.05338250422489175,0.14948885369192405,0.03161581943410691
-0.1782301780935481,-0.1604376359889036,0.09508244945031077,0.12976434834414544,0.3714842960703634
-0.3291377049659312,-0.24997159127148888,0.013443142100688619,-0.07188070389822236,-0.06957920690994314
0.03003059349018741,0.4550840826206933,1.2390642199798814,0.0
0.5653102404316585,0.23723933143238893,0.19224080283290865,-0.011561356174393468,-0.2382663004820852
0.21543012945444331,0.02538260152698476,-0.0627208697981271,-0.005969945915905698,0.018462158682410874
0.16065463862929114,-0.13371642197328623,-0.20387717680466116,0.06765181373668289,0.053263076284583315
0.24136142879284428,0.01137148564446835,-0.016383508681250086,0.039876844528651346,-0.07895535031800609
0.05151888979589344,0.15992973827134277,0.658479116527036,0.05151888979589344,-0.21595003098328064
0.19437530438088285,0.023147963725568158,0.06103571592850809,0.16621803017282624,0.06235170522889559
0.12961946280346895,0.039876844528651346,0.07244268496560337,0.20288361988256892,-0.22255088124293557
0.3863708571325898,0.19027374177235226,0.02545518890407166,-0.12606980865953024,-0.20000060326147917
0.10095350331138553,0.3379847969622722,-0.0794802778926547
0.1420758172570387,0.15802989896528544,0.10765055273806133,-0.053225994746443225
0.12615320691162563,-0.0826916200024379,-0.055802173412212816,-0.10705431807648932,0.15066158474630528
-0.13218564207018083,-0.06611868073549718,0.13755882933722194,0.05027873022932238,0.220201502198759
0.3714121486009045,0.17788610588710588,0.05420657528406592,-0.11285134356291943,-0.20977592492292219
0.12065390072677988
0.12195659005789994,0.16970917449068884,0.1376312589899534,-0.012826655436958373,-0.20000060326147917
0.10034818701514758,-0.026094094970204273,-0.4478317514932228,0.0,0.0,0.0,0.0
0.12065390072677988
0.5651978423554415,0.27724497502707995,0.21627671455954747,0.007348804218420321,-0.2694771956766115
0.09120567163015607,0.057006702492395755,0.11778265521797562,0.04424578474278874,0.11202488138408576
0.2068797261561031,0.2455902119538165,0.2198399823654589,-0.056112961261907075,-0.32392687522363345
-0.12492438362571089,0.43179752765811513,-0.4083529405194352,-0.17749726871888666,0.18683077379756302
0.027498003682140587
0.11513647693597565,0.1364136333088781,0.08849219238106062,-0.0831570062112956
-0.0364768125291458,-0.026406500751525508,-0.10750555206352012,0.1574186126712361,0.21998460598274755
-0.1443843586364482,-0.05312079606910792,0.03965916140186214,0.2327420694759674,0.1378485164771387
0.012853475129810355,-0.066930198738366,0.18591430538852916
-0.010279941766701026,0.011305711147609091,0.139548078578224,-0.049920011949804756,0.04698825049586624,-0.1001456321229236,0.2013374930352271,0.16902530375582783,-0.09891511515059263,-0.026985383990331516,0.3320471248910556,0.2327016649629906
0.41969932215253486,0.2739405294567757,-0.029200948656272454,0.013628571390179096,-0.1844640032714708
-0.0564037857513787,0.11807461099820099,0.17386195558738035,0.05785693661965,-0.09802598400254453
0.148882069829938,0.025159054091260343
0.0873044617733839,0.03419827849803026,0.030191791092642053,0.13270508104317183,0.1431419340415155
-0.17839299385859558,0.1326576595849531,0.1279517685475404,0.16499304022788944,0.256117809407447
-0.004425111730157316,0.28277607588427284,0.47103696582520677,0.10890357357684594,-0.19970601898089083
0.03664300634536431,-0.2922004286223061,-0.21799921202821637,-0.2792300781796785,0.3397099976366246
0.4755082639778892,0.24136142879284428,0.08377428477494107,-0.0917803526362168,-0.3490506072323021
0.023592588086866154,0.009571207452793112,-0.007440262812674926,0.3118719585752041,0.10853368269043875
0.424731482617713,-0.32745877513596655,-0.03790235025637285,0.05850955982543922,0.03183263629246688
-0.0648394992371169,0.3848109094840933,0.43912214627496693,0.3865353101751255
0.130000529764064,0.19733159950531623,-0.07308359097189286
0.16691632322271013,0.14280512525252712,0.17917767521984576
-0.02647916724866901,0.0988793306925952,0.0652688006498211,0.07258772811619485,-0.033058138346711355
0.18894628125038232,0.3623524743863845,-0.18544836638404233,-0.10657710499179462,-0.024150150063194264
0.06790350052348725,0.0,0.0,0.0,0.0,-0.5614289292169281,-0.5787641412184739,0.0,0.4956039770991112,-0.08446781940369377,-0.13713892240495076,-0.11374275389352392,0.08980340220342659,-0.09479877824205911,0.17970939633480842,-0.1484731493796062,0.3201422223847374
-0.018982776662091624,0.16394064593396165,0.03851728856675784,0.12215288155139702,0.06552608484203995
0.07332206381610376,0.0625440374929547,-0.032864713857647145,0.02699345172851397,0.14477996812163024
0.04874978180151413,0.15326957653183007,0.6871824226441952,0.16499304022788944,0.0,0.0,0.0,0.0
-0.08655461857831992,0.15237457626867792,0.19797240163648655,0.04549966004549001,-0.19277644095719915
0.12133449767828612,-0.11999905077668259,0.961680899728675,-0.20475398527819574,-2.232902232570481,0.0
-0.03320348718417661,0.21543012945444331,0.0397317277093574,-0.01612923599058307
-0.1768949044208746,0.2891122055325944,0.0
0.05928415320266599,0.029807387507340372,-0.023502748612107358,0.015157689530912608
-0.28274112431394616,0.1138447259058338,0.06202773529601784,0.23230816724179504,0.12246359763765938
0.02249486037933751,0.10957418945086649,-0.014775522604665097,0.09555224040198174
-0.14129312891645174,0.1636178879510998,-0.01925875292988449,0.14158718342340781,0.11427954002964948
0.14133884932999974,0.24083111661939396,0.2007111228299686,0.5282577938456774,0.40835048760821324,-0.25002165259662257
0.030998989446102597,-0.12609467703477395,0.15148226595773465,-0.021806058278982722,0.15386414953318006,0.15789721724642036,0.2508132318473661,0.1816369750674012,-0.3733201670036649,-0.529973977049042,1.0442425004216953,0.37716756017152514
0.2028112793030894,0.06152013947641032,0.04694401175174377,0.0009320903782992512,-0.11675592185227025
0.3930830154774247,-0.17026780920702642,-1.15676279975443,-0.0811400293110191,0.0,0.4857581476437446,1.0096901189150356,0.11294398311385088,0.14664390155969273,0.2758836910074623,-0.9336192484402203,0.18301154573056774,0.0,0.0
-0.30346381245658954,0.03256901716946911,0.09129938264843021,0.14548582383906508,0.30448422203496295
0.0666686134041324,0.19818782956568448,0.2937471998035104,0.028081746269039417,-0.10173539106545057
0.11909782936183859,-0.008777175985242781,0.25541526033960077
0.07678551409088491,0.13390487578226304
0.061905783626096715,0.3113209943739387,0.3510953198617501,-0.33079470617356077,0.0,-0.9519683871084169,0.0,0.0,0.0,0.0,0.0,0.0,0.0,0.0,0.0,0.0,0.0,0.0
0.16499304022788924,0.013225077179787326,-0.07025556811259584,-0.008278681046147237,0.03540642589438328
0.039223652938856074,0.3673152637285136,0.2928264117377743,-0.22564743286647318,-0.07160966446032509,0.07104556787950035
-0.19434104378972103,-0.05304808730403418,0.01137148564446835,0.17788610588710588,0.29978396988102773
0.09051694732640655,0.11176173915243458,0.010928936739371847,0.26243997298194943,-0.0165463139357123
-0.17051709251879957,0.009299437586492468,0.1040842871408972,-0.02481409081872849,0.010044594103833387
-0.009323969390919881,0.094375473013936,0.3320471248910556,-3.1491929644446364,0.0,0.0
0.16722900365004187,0.14020591372027316,0.06342478735838562,-0.04141800528708441
0.06968286042356447,1.2265640572156498,-0.07341798321710873,-0.1076511548593509,-0.01611712937976821,-0.13693138893943468,0.10166590627661524,0.10890357357684594,0.39538300006286636,1.065893215473593,-0.3598188255128413,0.2157053578002805
-0.5465032790002523,-0.23956338994405688,-0.17412732769920422,-0.08537732378653429,0.19091672523768097,0.15279776713407123,0.1367182617597229,0.10991520745169013,-0.021701701378287887,-0.031037275677759567,0.09290323223040474,0.08600094682852562
0.3812882961669842,0.18612805486654044,0.04340418504661968,-0.12913217806763116,-0.20570209460057623
-0.1407045595462082,0.3253356903030688,0.29525823506579096,-0.1616188785921087,0.23127828670040224
0.125614863881304,0.016442048504532573,0.11984616337737364,0.047339866268980936,0.13350869242539434
0.059632524570063156,-0.11905926417331279,-0.10081695740522331,0.26656456854884886,0.2983495923938848
0.11193541015896599,-0.07052180288886717,0.10269012970122295,-0.012899300818560238,0.24150601059024793
-0.18812039271636388,-0.01670175377525604,0.04571367031056826,0.11206313386721437,0.02292766134450192
0.1438406652226626,-0.06376728973276721,0.03787335972010724,0.059254340389862166,0.16855810639238578
0.017884871496015836,0.14030913536693393,0.31170744065393285,0.5387601348091694,0.9451515977774646,0.2161853194125661,0.5125355006033494,0.26030322003221423,0.0,0.6462962247275584,-0.42461346139121564,0.6902593481486744,0.0,0.0
0.13656238926310935,-0.059775206813322296,0.2028141730267475,-0.04610217257014571,0.3825009061468878
-0.037345712334958696,0.21081685881090456,-0.02128891778216214,0.22467352350054798
0.11574822726681135,-0.0824047316422311,0.07692926894433183,-0.06073649649432815,-0.05345933751044009
0.10398955877441678,0.13633967211296813,-0.059233348225152235,0.13327754005642928,-0.07692061376831077
-0.21144589270658784,-0.03313081012465841,0.07251520917058835,0.08760252076710406,0.3278687454958794
0.08370178160289576,-0.04637835744133141,0.05785693661965,0.004400298383862718,0.07637574151082265
-0.020587409510671846,0.16368682619630123,0.07690202247274823,0.15757391269071536,0.03744914621315098,0.08198779561394341,-0.005519727697700479,-0.3254783725463279,-0.0016938024186631017,-0.12268903222389156,-0.6960350129712162,-1.3856043721832776,-0.7512976916462657,0.0,0.0,0.0,0.0,0.0,0.0,0.0
0.3927320767126369,0.26515289006102544,-0.020485008199845497,0.025949655695850785,0.17962744774632725
0.02398372248979278,-0.0266787193656922
-0.21135466930954774,-0.013698748515486485,-0.009869771278389106,0.4629526954379107,-0.3636674511741354
0.11892643652549818,0.12928394069721227,0.12063747312632325,0.03023570654017655,0.15581042255586533
0.14247801786025446,0.34361226032330844,-0.03869538668319979,-0.13857207839689464,0.15679627302371077
0.5334168766557046,0.16239225852783207,0.3516342581663604,0.8903433612824694,0.11465622606629569,-0.6192626332826806,-0.07271892691461082,-0.21040904276154074,-0.09834139166956561,0.17789644506379731,-0.027247679073802315,0.19950046892907242
-0.03467715490067813,0.1279517685475404,0.16499304022788944,-0.02675698947588235
0.09439353969806759,-0.3013808209672675,0.0
0.11513647693597565,0.16442469693325015,0.12545666834024896,-0.08086753737055297
0.0035191833084730383,0.20273336821073631,0.5837033750860745,-0.4083529405194354,0.0,0.0,0.0
-0.03141325644780405,-0.1877933699711505,-0.0009920972463716535
0.04147715894864218,0.12021847139181102,0.04972600436727115,-0.2745695635166107,-0.3221908204810608,0.22497574482959984,-0.44951101301294266,-0.03567765523426182,-2.232902232570481,-2.7437278563364718,0.0,0.0,0.0,0.0,0.0,0.0,0.0,0.0
0.05605410970827731,0.2075917545665354,0.2007111228299686,0.37401132399008763,0.4343259740114737,0.2007111228299686,0.0,0.0,0.0,-3.8423401450045818,0.0,0.0,0.0,0.0
0.0513915904513132,-0.022346991259190145,0.060872230741409544,0.4127996397634461,0.028860865903309395,-0.15973030390424073,0.1279517685475402,-0.4750443150181075,0.0,0.0,0.0,0.0,0.0,0.0,0.0
0.13335894080047705,0.18733120687508417,0.20611128715736193,0.011924026271372087,0.060010565781056985
0.002919644263882239,0.09556717457959409,-0.11162103254773645,0.012671494595056546,0.16456004606654553
-0.08860680799413802,0.014802020741257707,-0.039739458163962155,0.1656447655125528,0.14165960258554983
0.06944473683629816,0.8581402207878348,0.0
0.02418414847729245,-0.013141490211848695,0.22668660923322936,0.6003111114857349,0.0,0.0,0.0,0.0,0.0,0.0
0.0708148573271904,0.09924166266510896,0.0,0.0,0.0,0.0
0.0417405287669705,0.1489275289508311,-0.1278481150339188,0.10186528819333605,0.08811656211240251
0.3135863831096728,0.18612805486654044,0.05792947134568194,-0.1503223457975535,-0.15622613912714378
-0.025473485060019854,0.1152933716756168,0.4215127526990974,-0.009753970224470174,-0.00029571838814615843,0.08594338129534494
0.13604059193576382,0.15568205217475503,0.03363221456948947,-0.1144116957767659
0.15302329204425316,0.11124604361025822,0.15285850755988012,-0.07194974440776866
0.1893927596594066,0.10953537106164649,0.10441254806438201,-0.07335926503500667
0.08113221719077336,0.0006328444467548813,0.017105044343657328,0.0990277909445512,0.1264138324959451
0.06516735360533973,0.2905380812197621,0.9198337897931746,-1.1342899439023713,0.0
0.06467031860002036,0.22279403911771806,0.0738013519095348,-0.03192882235274207,0.0684320785219119
0.047967293513414555,0.12644119424217343,-0.07733484968158336,0.029239582060079903,0.30419017038808954
0.06819337960452984,0.11885390443001394,0.16499304022788944,0.0,0.0,0.0
0.02189219658721621,0.13148326132901134
-0.00028896366237103513,0.08961841341447685,0.014262066482156673,-0.17989394795880062,-0.06869542426293515,0.007807456705477077,-0.2728074485232113,0.0,-3.1491929644446364,0.0,0.0,0.0,0.0,0.0,0.0,0.0,0.0
0.27974117218911876,-0.048895946320114604,0.4924336048187546,0.15891399415150717,-0.21595003098328064
-0.021691413259521758,-0.06338531903742198,-0.021691413259521758,-0.0356776552342617,0.2765436202808583
0.12493223671549186,-0.041105464589137226,0.1405159620465464,-0.03703122790539371,0.0850018169601056
-0.08313537416991515,0.22009027924667623,0.14598230709295423,0.009136360555530788,0.1453202746291847
0.11883925788769621,-0.11026651222533429,-0.05490901716214917,0.3734843147552287,0.23807810751932487
0.06637132770010197,0.12142433022757697,-0.00288783241127087,0.0,0.0,0.0,0.0
-0.13084600112586034,-0.17251869752642843,0.29566109988771233,0.2946312336792825,0.009881070719625195
0.018389566036013896,0.07354635524860922,0.18936884622603403,-0.1877933699711505,0.28994225655791134
-0.18590217514385657,0.03607164772067118,0.07988703059780648,0.004327679379437476,0.2910951842982377
0.09244727935673543,-1.0389797640980467,0.0
0.11541683070734648,0.14029058894291582
0.0397317277093574,0.08003205271393328,0.2082017945591262,-0.054667535429068784,0.04340418504661968
-0.13324389916526924,0.16946385843918435,0.314928184254174,0.0641825292305187,0.220888030021066
-0.017830209791187327,0.14850644633356022
-0.029582729966765097,0.07857524455627295,0.16072864144143187,0.03162843936424048,0.02559131784213321
0.31365859831100407,0.0988793306925952,0.1615238259938781,-0.05974923245001737,-0.2527403789904132
0.14086592427980427,0.16330681766857696,0.08473036701473374,0.025951991792397287
0.1534738343802196,0.16941959221110062,0.04354928081007798,-0.04637835744133141,-0.11977251539169585
0.024977365876911684,0.052821503348152776,-0.026513426143137755,0.161089326747416,0.0,0.0,0.0,0.0,0.0,0.0,0.0
0.05093422293947161,0.11223136366952051,0.17812951813325925,0.9155511280011738,0.19631551135693048,-0.11263869637039002,0.5396864896693,-0.23142223236035692,0.0,0.0,-1.3574334952165812,0.0,-2.050580675776527,0.0,0.0,0.0,0.0,0.0,0.0,0.0,0.0,0.0,0.0,0.0,0.0
-0.10625908940635097,0.10230288954549388,0.19242091990949506,-0.2026921288776371,0.2977176558824719
-0.028617292143999672,0.12894432446029191,0.10890357357684594
-0.042463914918620664,0.1997537268736413,-0.05334115794827609,-0.027112292375338794,0.4682775744847433
0.08027297452494496
0.05236713821387659,0.14469678462379454,0.2386439574909855
0.12150792828815048,0.0912845886547913,0.15913174047789821,0.0941722003229219,0.07770489632285554
-0.03412846824743248,0.06557185771704223,0.08793630073291489,-0.05454132954540262,0.23673694508673074
0.21411614929801667,-0.27537155249214923,0.16135004894938837,0.1817352213709629,-0.4019220501891448
0.09847083089950724,-0.12439989662752103,-0.07113369191129335,0.08672432627841636,0.12276487667453756
-0.3713116688390861,0.0801045558859787,0.1944360833062433,0.19421899875095677,0.19890456816008037
0.027165420889134956,0.18450812115523618,0.2800534544033764
-0.05724183315010229,0.1065932144436618,0.33027039951990483,-0.020160806543577547,0.007807456705477077,0.04040598564985136
0.11656644632241485,0.12649933546722536,-0.1232757145522477,-0.07341798321710873,-0.16259317445391772,-0.1296094750684653,-0.41916385662365074,0.26030322003221423,-1.1681914955780528,-0.2588212065484716,0.1279517685475402,0.0,0.0,0.0,0.0,0.0,0.0,0.0,0.0,0.0,0.0
0.07333423771425518,0.1679272070129823,-0.11227512610643253,-0.24286727860622973,0.6902593481486744,-0.2588212065484716,0.1279517685475402,0.0,0.0,0.0,0.0,0.0,0.0,0.0,0.0,0.0
0.270387860614626,-0.12934896707641028,-0.07294905003149339,-0.06594838453476211,-0.03596259611095818
0.011433464304350275,-0.06788031757468649,0.08831259213291859
-0.10035086557669683,0.0831630219802572,0.3444917299391393,-0.07614358779597499,0.0224846487640334
-0.30353697872697155,0.03249644032870715,0.1454133994320083,0.1336179176601356,0.2549710269689251
0.3940260879746418,0.16061419291754211,0.01357403375032078,-0.09400967377530425,-0.26188858420762784
-0.23382914793100834,-0.019711298773924787,0.0912268899882801,0.11042636129723624,0.29524881471563635
-0.004663046457853286,0.07747366221133285,0.15420117246837317,0.11234362579579449,-0.025405121846238585
0.08591405535214716,0.6884656256946474,0.3078244873152095,-0.23865553695387695,-0.0494472359580186
0.15499295689330614,0.00593228873035016
-0.03260545619729159,0.2813320323120392,-0.09298500049156798,0.10744563484360187,0.04677541817390614
0.02545518890407166,0.02893345328039639,0.06895796006561612,-0.06936098541425985,0.12592557203698
0.12073226702013018,0.2007111228299686,0.0,0.0,-0.17877849887493513,0.0,-2.3018951040574325,0.0,0.0,0.0,0.0,0.0,-2.456045783884691,0.0,0.0,0.0,0.0,0.0,0.0,0.0
-0.17877849887493513,0.03183263629246688,0.2591218849863831,0.3344111921859362,0.7645931916018908
-0.0034640352506066846,0.07046686673577314,0.35817855528322073,0.002192618821148019
0.16253301438702697,0.03824133458874555,-0.1667843520891157,0.6105526055379319
0.09218636714687656,-0.056814505543578066,-0.2337751746223838,-0.11183901619982572
-0.12876807830027354,-0.07451748855052569,-0.4478317514932228,-0.24960455144354748,-0.2224535623775967,0.5396864896693,0.5521090096678574,0.2007111228299686,0.0,-1.444444872206211,0.0,-1.203282815389323,0.0,0.0,0.0,0.0
0.09187760691748198,-1.0697514227648004
0.4385059382979445,0.16685419840518173,-0.00797730980472824,-0.0648953575975168,-0.22623538506676827
-0.08886715366085306,0.11888701756102908,0.8938583033899139,0.0,0.0,0.0,0.0
-0.019638642836086264,-0.10124374344734087,0.050568963869438335,0.07258772811619485,0.19034609805471825
-0.11972947002213531,0.2002121208236062,0.08420248924608213,0.2224250893137648,0.22380566529785997
-0.14692471991085976,0.13458896105433912,0.6235679736500023
0.11495270259826063
0.12065390072677988
0.0585061754959004,0.8697607518108533,-0.17877849887493513,0.0,0.0,0.0
0.02545518890407166,0.11807461099820099,0.14548582383906508,0.0801045558859787,-0.16807850671978905
0.13508307915861698,0.2847942400405101,0.0084519942721024,-0.14038860932329233,0.08122885142062536
0.0441420621384286,0.21018458459684153,0.05430202154312232,0.2766970298078907,-0.2404720678802749,-0.34583258353810126,0.0,0.0,0.0,0.0
0.11807461099820099,-0.023028051399918658,-0.19904946324855408,-0.014898868671530917,0.1298367832433114
0.09945131296007084,-0.2149270129912461,-1.185583238289922,0.0,0.0,0.0,0.0,0.0
0.39632118798575794,0.20266658244275876,0.06534131959542747,-0.05953107443002701,-0.30072227632706977
0.22288070549555106,0.01838956603601411,0.01838956603601411,-0.11231874755946991,0.01838956603601411
0.1415382975239926,0.08424301175489425,-0.16130386835167118,-0.15265456428512064
-0.14739408601846513,-0.13254990098944527,-0.007967231612940882,0.341178295212716,0.19926614027957806
0.10808490795600989,-0.02777247572714855,-0.11923181184003377,-0.06499204290303709
0.020590324963145553,-0.011934002248757795,0.09760788612903476,0.010941709663044523,0.11512121018771632
0.3813604384315611,0.2768776819626589,0.05413403003393438,-0.1474183764346826,-0.25228987564923794
0.11952359534049903,-0.0054998811680781225,0.10737413152494761,0.020874514270659592
-0.13650007558360006,0.03301887605197308,0.6162265667916345
0.07790979576185522,0.08876961683227502,0.21381898065262459,0.02213165445574835,-0.012116355895864538
0.018389566036013896,-0.1043793211280079,0.02900603538893872,0.11420708413714231,0.1298367832433114
0.12586473867594597,0.007404027552249679,0.036106564889960356,0.1999178654755308,0.1957146099868213
0.16773099135826794,0.19603125893887105,-0.011616344074144448,0.013808451617584724,0.1326576595849531
-0.12268903222389156,-0.19428268541090035,0.03664300634536431
-0.0406171565097466,-0.17877849887493513,0.0
-0.014487979932785234,0.1809245253278331,0.08845296310555507,0.2513341759055653,0.08889113406183166
0.06395218571457967,0.09046539960609302,0.004610863679849743,-0.03753122388358463,0.02451114177684339
0.15517224643897898,0.14418757925973724,0.1607057882162696,-0.015916135372367284
0.10762069976395665,-0.1393712260153439,0.5579019295606414
-0.016310852743411566,0.11814706164123225,0.06881291691502454,0.01137148564446835,-0.005824692084580532
0.04359552566024608,0.046489123956928904,0.4936425511678933,0.18348136016251224
0.13403527594887268,0.012356365231846047,-0.18927978869559836,0.6090959410414677,0.0,0.5396864896693,-1.0697514227648004,0.0,0.0,0.0,0.0,-2.050580675776527,-3.8423401450045818,0.0,0.0,0.0,0.0,0.0,0.0,0.0,0.0,0.0,0.0,0.0,0.0,0.0,0.0,0.0
0.11220832125366899,0.0729333856910124,-0.05083117374405046,-0.08174425893665319
-0.11751387009420593,0.12164259935427561,0.24100134387318847,0.13687197522105496,0.23672156035300174
-0.20292816771785105,0.0988793306925952,0.01824436493223048,0.06895796006561612,0.23715106051253232
0.20027243012716658,0.06357730286107945,-0.3303425243887816,0.08555620957985462
0.21125475804396288,0.0397317277093574,0.007880070436765647,-0.06950646112007358,0.0011499315729304376
0.12570823585327218,0.08753002810695394,0.14173201650353637,-0.06611868073549718,-0.09487154520588964
0.0824851753374352,-0.033486447764851636,0.06286723388850438,0.1693623480908808,0.15368283483630277
0.0795023326256986,0.006069081647973462,0.1484144402658436,0.008665016144019197,0.14898856851894696
-0.028540649919117495,0.1858586293949592,0.07283577948318015,-0.32335972768604265,0.0,0.0,0.0,0.0
-0.0705375203517546,0.06586606189686378,-0.02701959249114713,0.01838956603601411,0.1688134842252754
0.116465999333229,-0.007438193513929244,0.09214474227850918,-0.10221894422340816,0.0655780617105528
0.19861521630620965,0.08377428477494107,-0.03654949487100277,0.02198898092758542,-0.07574288981503378
0.0606567400374604,0.05471424472964317
0.45871742713563296,0.01838956603601411,0.5845005054590928,0.1373415088973793,0.3128157629631681,0.07593446480042916
0.06461549754506675,0.19934313356054384,0.06299387227276802,-0.5101356348293774,1.0174722593570904,-0.0811400293110191,-0.7512976916462657,0.0,0.0,-3.8423401450045818,0.0,0.0,0.0,0.0
-0.04330400296932577,0.1789108876078801,0.5014652768491024,0.0,0.0,0.0
-0.09235794331803038,0.013019679972467215,0.03708842081088165,0.046507278378438946
0.0954202232395588,0.01939364793121175,0.061632925317146446,0.20676890339581824,0.005808064549871615
0.20273893349007166,0.04694401175174377,0.061592668941537546,0.09486497146909914,-0.19404928594665943
0.18998426427720597,0.25475425613097946,0.1535462430548106,-0.0430641758921965,-0.28772307769976535
0.15364012781531428,0.06786302370657868,0.11571535307633532,0.01415208054453369
-0.035603336182538546,0.10308485231178255,0.14137369030996388,-0.007528211967773024,0.20035302076705483,-0.19845805682138093,-0.2728074485232113,-0.8874298659708457,-0.9245694129203023,0.0,0.0,0.0,0.0
-0.023827615316765905,0.10795735051302809,0.06272537985606566,-0.19211976404039574
-0.041358247306886274,0.035047363760808324,-0.192955951532561,0.07358826786081893,0.26586145187894544
0.06256078434915142,0.03423853713742812,-0.06860145078218244
0.02449086623219109,0.02148075860568678,-0.08948036122723804,0.012397252485250575,0.057525930152933016
-0.030666079594758963,0.29862773330186093,0.21397140426613712,-0.014448654812346754
-0.15241956638223456,-0.0907921235491357,0.06641221155544186,0.1634767397099254,0.11152251876647316
-0.016117129379767985,-0.10965414359317197,0.05694906749481905,0.16195813653273536,-0.32781407803542284,0.08137890018675592,0.2163772395743681
-0.08372735287597004,-0.08632138805301666,-0.6800346716247749,0.170174398969887,0.5143686816850102
-0.024627819047676854,-0.2931333515372504,-0.19384875179593322,-0.02097150784456633,0.5343149458673891,0.24643337216806385,-0.004587068164230478,0.17451692173914488,-0.14755709880190487,0.11561179231196438,0.049480153106045054,0.07161367706437263
0.03763181225840902,0.12474030333682741,0.0757557535814637,-0.06317648916491193,0.23519729890113789
-0.1828544925812233,0.065123746979709,0.04347673555994651,0.1064424793197734,0.173934327579451
0.12205812086942848,0.003715709853150195,-0.0222645587507598
0.05582938078470385,0.24023328076730796,0.003470623019853482
0.06271366032881083,-0.09402020183542706
0.0418301968360868,0.025836974878232413,0.06645183984211796
0.08246062101141999,-0.06579571548626453,-0.03329298933303875
0.02108905159751672,0.15477638901839696,0.3283060056754521
0.6902593481486744,0.1318036885680681,-0.01650773912654161,-0.2005184855113409,-0.08974487650453748
-0.211591867453216,-0.03320348718417661,0.16166861713291342,0.10261765280320248,0.20731372254627858
0.15832121665969337,0.12510330479095455,0.13715457553857735,-0.06642545922370835
0.05070880542917925,0.10031982988545432,0.349984825577723,0.24410291201288542
-0.1435103600374772,-0.18111222222115522,0.21810286554183797,0.12440776011281109,0.19954084768177832
0.05546461142128548,-0.1731533242363812,0.004650390152709971,0.11679093841001183,0.07734573316913362,0.28479424004050996,-0.060425824923455766,-0.09939346962036946,0.5582628752422356,0.025382601526984544,0.5186330804714677,0.07367488169310213
0.01804994979909373,0.1312758713313789,0.12417104570763415,0.08864479830495105,0.13842306841483568,0.049359862001427245
0.06717973020544603,0.12384631766451462,0.15306953264093645,-0.06031129997916145
0.2771248373010465,0.16818205311082454,0.10169655526903221,0.10816836952461426,-0.20339587654423008
0.13604059193576382,0.15550420922209313,0.07053557732586643,-0.06080554773037281
0.16970917449068884,-0.03848352036184363,-0.06695705699392396,0.1535462430548106,-0.01609291659783936
0.1572590496281529,-0.05720398948228953,-0.1383961614292493
0.12065390072677988
0.17781372865695066,0.11035390015449233,0.0988793306925952,0.07637574151082265,-0.23935156499832105
0.34361226032330844,-0.1575736149910235,-0.011078496220893823,-0.12502275557011175,-0.04423266370632953
0.059852087640436945,0.2001059790898678,-0.0510330433174563
0.35659540609631707,0.14165960258554983,-0.03662218249596667,0.07644824468286825,-0.2664656688054174
0.01137148564446835,-0.09385796421073204,-0.05569841331511607,0.05420657528406592,0.2951765890827279
-0.2718932881158243,-0.026406500751525508,0.153401420462233,0.16174100484151216,0.23707876700084352
0.12496817608065272,0.1509083003461504,0.07337972230489063
0.06133349453282592,0.2076261481015609,0.11730096035201026,-0.007810114071545338,0.09101468614447226
-0.030779378673399416,0.16077614254414507,-0.11389249409455565,0.11495808248555212,-0.024627819047676854,-0.9111463925881617,-0.5842436069830994,-2.232902232570481,0.0,0.0,0.0,0.0,0.0,0.0
0.12065390072677988
-0.10724784773551362,0.02556597000645697,-0.04981216616916649,0.19521358287077384,0.15183871843679675
0.027737480651297202,0.0638563956862482,0.1945624762988355,0.13781129880553689,-0.07285356948687209
-0.29056990486305195,0.7080218044885149,0.002474110730114446,0.0042550551011092215,0.41681239151876553
0.2722985657818888,-0.0024520076059412676,0.07258772811619485,-0.04313686351716039,-0.09170758567238632
0.00044365317973250266,0.03405568278041323,0.18598331611972524,-0.06624772131893987,0.5491999167071736
0.03734747978062837,-0.018410182436806304,0.008732098472695715
0.11495270259826063
0.10521508700895793,-0.09488420087056526,-0.5030181670605136,-1.444444872206211,-2.232902232570481,0.0,0.0
0.08210538042212165,0.07190261716187747,0.07944432622025369,-0.02682803995727917,0.10106990958133788
0.21550245956911798,0.1535462430548106,0.0008594660999711042,0.018462158682410874,-0.1739549859052299
0.16862280827846793,0.06168802375215918,-0.0006566730993972019,0.05342577272759201,0.0801653609449784
0.03408280988446097,0.18141588558667499,0.2675353592483958,0.2542241739558321,0.016573035109616174,0.21192619365010856,0.25616242736618283,-0.45527727427733083,-0.3428068626215643,-0.6190297230685151,-0.4164501507520546,-0.3062234454430555,0.3165429383550904,-0.2588212065484716,0.0,0.0,-1.3574334952165812,-1.6451155676683622,0.0,0.0,0.0,0.0,0.0,0.0,0.0,0.0,0.0
0.1841042429800656,-0.09437177452063862,0.1600220275058689,0.16952819539328057,0.40329386476374524,-0.20475398527819574,-0.36882210176280006,0.4343259740114737,-0.5255601051550093,-0.024627819047676743,1.455977221543455,1.2075158622449556
0.060357214796720515,0.08011370639817865,0.09131902261218611,0.0958715761862698,-0.06216927068123803
0.0030875807988701666
0.110971113941202,0.060627903251606656,0.10534506930024876,0.1692813529186658
-0.04575778802166086,0.32062684973005495,-0.06229130375235176
0.027195475650624693,0.6003111114857349,0.03715966871800448,0.0,0.0,0.0
-0.31897637006377755,0.0007868365469740833,0.08384678269065773,0.11035390015449233,0.4328136047051683
0.12103384545467036,-0.025727324381093576,-0.07745542676364343,0.14300621111686848,0.38777288904672796
0.0905505639733735,-0.05143907649833358,-0.09067123136466818
0.08752277855189557,0.06515338706021372,0.09336071055038055,0.03912906793050922,-0.02281388948447988
0.04192748154116742,0.06264786348069258,0.03626637562732707,0.15048586672371703,-0.017536330365649177
0.42289727818785106,0.4235356439931234,-0.1267924438084839,0.199457204170375,0.012952162586714801
0.23671722102633508,0.3373306749812851,0.15763582296785816,-0.14122027713337215,-0.28494290247023224
0.04820382874644035,0.3294797293858099,-0.5760356265652697,0.05427058142867779
0.02475701501925032,0.15844484096438918,-0.0346445972911481
-0.05948830392798018,0.31774413970072457,0.16823453415206036,-0.0169008005629664
0.09537730979834713,0.00048588647646993056,0.35950549737445653
0.11381101148718518,-0.014734481389018405,0.08128199626691648,0.12375008169384022,-0.005579624076982312,-0.6003990472053847,-0.33828537790271834,0.4250235813491603,-0.0811400293110191,-0.45231606394055135,1.257526282819617,-0.2588212065484716
-0.09374145618902277,-0.3790109822354198,0.22056289138270013
-0.0015584869180662207,0.11312120952104911,0.14822094020857202,0.0483163165465955,0.03110194255762252
0.34205881617723105,0.2241228293249457,0.01137148564446835,-0.11380301028448568,-0.19706530096938152
-0.19448695463845156,0.06166519314652255,0.14939972316020156,-0.012681380503892541,0.2155747844525257
-0.012555237813407524,0.19680486786290355,0.2593845245151418
0.22474221818704088,-0.12876807830027368,-0.11905926417331279,-0.05815051108632027,0.041211186342252425
0.10617988296698656,0.20948985697637956,0.12498770561419038,-0.04515807887443546
0.16193284907758773,0.06175024569785959,0.07640265618061028
0.05625984009142388,-0.14723014114000912,0.10247268324655547,0.08292808717358525,0.12164259935427561
0.10731530772234338,0.04896204522439668,0.14414791167409974,0.06819704098314883,0.04613339949601668
0.24128913005442582,0.13755882933722194,0.10665987850175934,-0.056331071699356174,-0.20000060326147917
0.00043485435173636115,0.1576428614012235,0.012793722869797183,0.0827582934725236,0.10941286821479598
0.026706342727477298,0.08326541218943355,0.07749707733592737,0.13632144760525736,0.26548700049511104
0.10033703179781585,0.16558655608476613
-0.3540780970719225,0.06152013947641032,0.018389566036013896,0.11420708413714231,0.5089824788540438
0.05777551382285037,0.3673152637285136,-0.23065032958177517,-0.14303139459365943
0.07842502391943035,-0.20650991198046043,-0.7512976916462657,0.0,0.0,0.0
0.0815045993887314,0.10687723043161354,0.04216483152967231,-0.0056423101763603154,0.11395153987415058
0.09483416806095453,0.172204398539228,0.17661357125090807,-0.6048157610583078,0.1279517685475402,-0.915600742937542,-0.8219152588602191,0.0,0.0,-2.232902232570481,0.0,0.0,0.0,0.0,0.0,0.0
0.017520042769789697,0.0,0.0
-0.1066103915390398,0.1029976766961955,0.2345309530429947,0.21194852056073496,0.057898212255315676
0.07110120893031066,0.2421596787536552,0.101898059498784,-0.08810240916353634,0.08188657230034171
-0.005579624076982312,0.5371833594511817,-0.201834275174861,0.8694397760417681,-0.18613147318019396,-0.2303196964162571
0.07430630216724612,-0.08672731458588907,-0.08672731458588907,-0.09733373665735888,-0.009068546506297227
0.12473777850829476,-0.03239573564915225,0.025142274681319365
0.19553780554974812,0.3452923516410763,0.10991520745169013,-0.08012941780509562,0.006793771874631058
0.16239225852783207,-0.07598537872235453,-0.3923525991729941,0.039223652938856074,-0.1865005449688453
0.37637428136455514,0.11035390015449233,0.10269012970122295,-0.06286630318989013,-0.25295952505213964
0.6685193615122684,0.0014040196702700138,0.1758430562519552,0.72942097885238,0.07428762681031291,-0.47191442200917977,-0.21799921202821623,0.16758707540493606,-0.10467052672121333,0.2137832043973215,0.14720491139207859,0.08593560823754044
0.4920735169534255,0.19027374177235226,-0.0364768125291458,0.036144219294417676,-0.33656304022865846
0.0059820835183781226,0.013012673663285816,-0.01540523357124457
0.25978655765957415,-0.2402972579855897,-0.08424562186917216,0.14355270899002004,0.2022579135482674
0.10740244745057863,0.002394292715146074,-0.5068941409052067,-0.8219152588602191,0.0,-3.8423401450045818,-3.1491929644446364,0.0
0.15090087393262536,0.015549680610745843,0.10307933407376224,-0.06986901998254114,0.07035571093195989
0.0898649223666793,0.2197375719731429,-0.0037842914583079926,-0.0023935781073750437,0.1669835857968156
0.07488668829859157,-0.03415282886428866,0.11493215338090851,0.11939114299811193,0.0019178062888681614
0.2634156687103621,-0.07581563031333836,0.050568963869438335,0.0009320903782992512,-0.03640413546962749
0.015711960679096165,0.34570903071493425,-0.010082108045298065,0.07421801558895574,0.35298033455752137,0.01205374758692818,0.9779414206004553,0.26853371916872965,-0.6234643201363809,0.0,0.0,0.0,0.0,0.0,0.0
0.6554472799449157,0.27568025290280385,0.2119990826038201,0.1038299959761446,-0.00033094019749404103
0.08457147291731529,0.007807456705477077,-0.07773498036250964,0.06875935720262731,0.02302277895750221
-0.21426991078821353,0.04694401175174377,0.09500996204496584,0.05064150911956969,0.24580709248963858
0.23700646826242502,0.1495445562403301,0.12976434834414544,-0.11062249319264186,-0.1739549859052299
0.3963933198428239,0.16166861713291342,0.0007868365469740833,-0.11047690099612646,-0.17979883275836878
-0.08946110805768435,0.23456935539541773,0.21921459439452826,0.024776449061084706
0.16193284907758773,0.14402486491516756,0.026965130738410212
0.1407381198547357,-0.00770198592032516,0.06805760879341322,0.03401286081273764,0.09025580487171445
0.3041230938666527,0.06910298218174284,0.03256901716946911,0.018389566036013896,-0.1942680963483203
0.040207471788435735
0.4149078881543723,0.0,0.0,0.28479424004050996,-0.23142223236035692,1.0878078981789878,0.2478290458070386,0.08386749541552091,-0.16603947309750539,0.09773842675901707,-0.05848978165785277,0.15291639210137653,0.0528757421071833,0.05943444593219644
0.04607299478443093,0.1665070450591045,0.2960213026342935,0.22435288588700905,0.3102733253414948
-0.020539691618839107,-0.01704883540076851,-0.019086956506362718,-0.008216551879589981
0.13048683835203972,-0.04672376443035412,0.09540967566207367,0.059632524570063156,0.12820109329431278
0.17275504556337865,-0.5412262218994087,0.031461647603366893,-0.37921180561193585,0.5143686816850102
-0.21708638677085676,-0.013117268632842684,0.08753002810695394,0.12954701216043768,0.24193963060137844
-0.07581563031333836,0.10937060869080707,-0.07916421534854039,0.09508244945031077,0.15763582296785816
0.061938665690133565,-0.012368666297672484
-0.07097342114763733,0.005871347678610863,0.32720023282907834,-0.027955609140351514
-0.09265647137257814,0.1004545190903182,0.23746542462034298,0.26739689403614625,0.10584909979528934
0.44909729133178633,0.18214008598042658,0.3223132948164266,0.17223944874865665,0.004928099691681312
0.12065390072677988
0.12390618012536793,-0.05958479060686291,-0.3783418621033958,-1.3891821935311615,-0.5465032790002525,0.0,0.0,0.0,0.0,0.0,0.0,0.0
0.019647902681227163,0.11686772676657203,0.05988376191530342,0.15738844084267006,0.2040754640203409
0.047623142358832284,0.039308151650300875,-0.0017877688351350847,0.2308246044128022,0.057019686470167315
-0.20021949348890442,0.05420657528406592,-0.026624516086134246,0.16571715322115155,0.23303123307228588
0.05236595235477219,-0.04552285421851852,0.021575720858262922
-0.0032921505342736503
-0.003686385663185691,0.06002094951182758,0.02579243759829505,0.48311613818090593,-0.38707554207215045,0.0,0.0,0.0,0.0,0.0,0.0,0.0
0.30419532993415266,0.1575634247777812,0.0801045558859787,-0.03640413546962749,-0.25023746285708015
0.0475569256504407,0.1854193589061614,0.16758707540493606,0.09903329894464585
0.09352199723694775,0.17756194096300312,0.09365550178168384,-0.0033959625035047116,0.024791224292871377
-0.013292492162143683,-0.022124688829558283,0.3348771247583922,0.46172494819958826
-0.015746191390489002,0.0,-1.203282815389323,0.0,0.0,-1.896429995949268,-0.5101356348293775,0.0
-0.1263320235023927,0.0042550551011092215,0.0
0.15680196291604392,0.1411756719394968,0.0004958707180088776,0.024808548698361528
-0.0364768125291458,0.06888544112000966,0.004400298383862718,-0.01623820208407495,0.16166861713291342
-0.19428268541090035,0.06567483902602587,-0.6234643201363809,0.0,0.0
-0.31385484397266294,-0.01623820208407495,0.02198898092758542,0.20259422616039288,0.41724497984562675
-0.3086352865537214,0.014874623928569594,0.05778439663194993,0.17378957835722522,0.34709812337666496
0.0904996865896395,0.10367226353735293,0.20172764134189644
-0.11231874755946991,-0.0705375203517546,0.06586606189686378,0.1678597407099656,0.11656644632241504
0.05988960814200267,0.11492933818051561,0.06259900553515961,0.9451515977774646,0.0,0.0,0.0
0.11477082161951051,0.14798631234715204,0.19282716016160018,0.026015913771078168,0.03991070208989443,-0.8749468297690566,0.2094448027987233,-1.1050907892101092,-0.6924571916233323,-1.0697514227648004,0.0,0.0,0.0,0.0,0.0
0.08745753019123746,0.1455582430012072,0.05792947134568194,0.0009320903782992512,-0.10430653297788672
-0.05788627538654022,0.0015554152130420108,0.008832309472606908,-0.10511986395636277
-0.08620846388147765,0.4927695698815485,-0.10035086557669683,0.04866349319948926
-0.19293950186443276,0.2535904603731542,-0.11263869637039002,-0.13202541017058023,0.2456349689320395
0.4015501097733619,-0.016383508681250086,0.03621678560191281,0.05427911527176612,-0.2141969260784778
0.17299273125644446,0.10927155886158708,0.08317476727186376,0.06978541926679062,-0.02726564700822705
-0.08863392716611895,0.0711347973058727,0.23029449956209144,0.17239197690310742,0.22766414719066524
0.2627986623483996,-0.04640161859723746,0.013465180425336063,0.07999982739449683
0.034746290542668194,-0.013698748515486485,0.11460454781507615
0.2018800300349506,-0.083934628242035,0.4962569317419641,-0.16959007282052868
0.17788610588710588,0.11035390015449233,0.16970917449068884,0.06888544112000966,-0.28244861974147667
0.008247565272692462,0.013553328867369397,-0.021830614426615574
0.0433886198908775
-0.05568913968094321,0.05541488862585976,-0.05425544372625083,-0.11336623368876701
0.19786211805389387,0.36781019073688415,-0.11537929047532518
0.11627280368339421,-0.022432428484241082,-0.33979026908213866,-0.0344438487853333
-0.22827769066358525,-0.005969945915905698,0.08370178160289576,0.12592557203698,0.2590392941105633
0.1933743327661142,-0.16232337814849043,0.2366700532174126,0.07337972230489063,0.3291124199234615
-0.0011169801687944696,0.08903463108451468,0.07444423434345517,0.10595806334708906,-0.032932286317069064
0.236934164296521,-0.012826655436958373,0.08384678269065773,-0.07581563031333836,-0.033058138346711355
-0.12193174328198281,0.07420094039835362,0.38430642197573295,0.016508097936308374,0.1119156240468375
0.08761430130973151,0.355380205986618,0.44150181208154504,0.2007111228299686,0.623567973650002,0.0,-0.8979011658381411,0.0,0.0,0.0,-2.456045783884691,0.0
0.094375473013936,0.10890357357684594,-0.018541372991274563,0.01838956603601411,-0.1908705446399638
0.014874623928569594,0.02191639355049837,-0.04313686351716039,0.09129938264843021,0.09137187005377508
-0.4119436086501639,0.19719618072252432,0.007807456705477077,0.1279517685475402,0.4215127526990974
-0.22584600973292082,0.2944251331014714,-0.09755305895234923
0.04343221655073434,-0.16697755947023876,-0.08720489511357979,0.21949983899370454,0.09088506807416755
-0.1144180562704675,-0.3062234454430555,0.18045726592547098
0.018070535884959136,0.14796577881760878,0.08048148766579001,0.3070110467297307,0.4158225024469141
0.043118440597372576,0.08416087960421775,0.1482653430900013,0.08651599466169141,0.16379351989213875
0.02197446387367603,0.19236615089778797,0.01231051995963177
-0.05283073446051132,0.027501246387269924,0.06794221594578051,0.2248856182016267
0.1438242488944771,0.17607855438511513,0.060118551311100846,0.022843671444915406,0.19036256162733112
0.2074718433007284,0.2608540324945017,-0.023143919087005208
0.1279517685475402,0.6050059557899427,-0.4459160420950837,0.19366884020455574,-0.04625976456479869
0.09367315213389121,0.09924166266510896,0.0,0.0
-0.12620397433133598,0.263476818379756,0.049480153106045054,-0.44757365367271645,0.11656644632241504
0.13229645315155153,0.0243461855487828,0.0673780481096954,-0.17837793808448021,-0.07625601471859379,0.5562157916205106,-0.34583258353810126,-0.8466078714505906,0.0,0.0,0.0,0.0,0.0
0.27237082794906287,0.07630323308168593,-0.1353031001052836,0.04340418504661968,-0.0430641758921965
0.1944360833062433,0.0397317277093574,0.10269012970122295,-0.005969945915905698,-0.1321128062057689
0.1656447655125528,0.0988793306925952,0.11028143376075071,-0.07895535031800609,-0.09809876155797852
-0.32145468607824446,-0.11069529724057922,0.09137187005377508,0.1944360833062433,0.49772722347049275
0.11420708413714231,0.23266976551006335,0.05785693661965,-0.0981715444103707,-0.09795321174329756
0.43066430752551066,-0.07069217307936373,-0.2344297534243123,0.5579019295606414,0.11333162509257794
0.3664738062746398,0.173644808179629,0.022061563036127586,0.02191639355049837,-0.2981938299737113
0.07754573089134535,0.05201526575515098
-0.2505297109778129,-0.03298547184956784,0.09129938264843021,0.18605568811179585,0.25475425613097946
0.0764649219851759,0.13117305984847938,0.22833045620444709
-0.16698456342397078,0.15229682786248105,0.21547572948401275,0.15379889348473674,0.09212152765701104
0.027568040901004287,0.13424293305303855,0.3447996887884468
0.01838956603601411,0.19190049314781366,-0.2623547791297825,0.2011726968053918,-0.04451286732278973
-0.0757876525724271,0.0721797406221516,-0.1241330757961252
-0.0027582903423028484,0.08825924599649992,0.3148053184565495,0.6552448303035725,0.028860865903309395,-0.12182360594746276,-0.19168190371084287,0.839791082119638,-0.5971470118190074,0.354861802657227,0.7220080464632548,0.5765004627920165,0.420339732036734,0.0,-0.31597962038842,-0.5101356348293775,0.0,0.0,0.0,0.0,0.0,0.0,-2.050580675776527,0.0,0.0,0.0,0.0,0.0,0.0,0.0
0.112958983961399,0.024791224292871377,0.2145755250238696,0.04497056260007017
0.36155902391737593,0.1296919081977846,0.007880070436765647,-0.09487154520588964,-0.15622613912714378
0.03299921056195754,0.06750658100096896,0.0819934797897663,0.245812446969598,0.10723227901308967
0.14824134598885008,0.0805651371138159,0.01834515021509129,-0.05279622379898383
-0.11423997773736376,-0.8634149897669717,0.2007111228299686,0.015754518398009093,-0.22066944058409524,0.0,0.045219388245190235,1.514246129667431,0.09339938704088051,-0.17287877674774663,0.20107655312820666,-0.0811400293110191,0.3254318857723362,-0.5842436069830994,-0.6436670274539003
-0.05148826126090385,0.15769373774627807,0.20277297923052742,-0.10302983726375312,0.015377515566022265,-0.06644931390101541,0.26093874595128513,-0.033718790748928765,0.009326059882667203,-0.10740650654008796,0.14692876126821364,0.06147146119647192
0.049480153106045054,-0.16221987098052684,0.06049795084649191,0.31654293835509023,0.02422048634680722
-0.024409518155414506,0.02363892192215789,-0.07223525096805948,0.01668113737446388
0.006624724456427486,0.2520044172175193,-0.9801392640751132,-0.3225370209345792,-0.0764996497545169,0.06321034591794712,0.28479424004050996,0.08196012659079671,0.06717973020544603,0.175641328113558,0.22056289138270013,-0.03845929819613854,-0.555805671662566,-0.24960455144354748
0.25896702149823825,0.09129938264843021,0.004327679379437476,0.002735846789489845,-0.14185211413794488
0.06864784221834966,-0.03200917865502824,0.08957110782339708,0.06264963819019496,0.1375963617212539
-0.1812744887605284,0.44283666367938246,0.07609085671889487,0.07573593213664187,-0.0921233106691246
-0.20060746931634707,-0.09414411373422578,-0.3694185825439804,0.5396864896693
0.07645564788000263,0.12574010561188903,0.21817983302311494
0.12048307552102079,0.19143461845967655,0.08808394579445583
-0.002597261437266401,-0.005897316362908734,0.08003205271393328,0.07630323308168593,0.025527771012613682
-0.15759107298608052,0.11544429456939716,0.18678695738831086,0.29696755796364954,0.26548700049511104
-0.02639004111827378,0.0747917390699827,-0.07576892264856362,-0.14857070559645347
-0.07727155253309874,-0.051257327711006384,0.1279517685475404,-0.03996031702626245,0.22668660923322936
0.24107220247123307,0.12210147559857659,0.07644824468286825,0.07623071939469589,-0.27174709997142243
-0.008895595405342332,-0.09100767624409539,0.2221514540678381,-0.074214055967124
0.01804994979909373,-0.025006822273740913,-0.07456208859959311,0.10085847789201431
0.009881070719625195,0.2007111228299686,-0.10778094913560554,0.29411590256764597,-0.12928715435656926
-0.2269689840310348,0.1292258163692584,0.07045179548644181,0.04771927925785062
0.056437633673543874,0.02982194238285988,0.1226376950366447,0.12317037496188064,0.009196420014413323
-0.006818826772281787,0.15847835920669565,0.02189219658721599
0.3346079457527291,0.2944251331014714,0.21682491009634566,0.011025998267275376,0.01166846536293666
0.08555620957985482,0.035279615522761223,0.060589004796019995,-0.10263179003136479,0.18826329886754412
0.10480588801592669,-0.04489635771756893,0.06663675108524841,0.08345008958664957,0.0579987041310599
0.16956439383313188,0.173934327579451,0.05049641335611143,0.01237963971951753,-0.17376860045958992
-0.1283326330506326,0.045048579465203735,-0.060464434216717565,0.3831826159012863,0.20606732203049355
0.2161853194125659,0.4235356439931234,0.2944251331014714,0.011025998267275376,-0.048457381880660615
0.12116092034960735,-0.06575511047153966,0.0,0.0,0.0,0.0,-3.8423401450045818,0.0,0.0,0.0
0.06585763875174554,0.17845102498373278,0.22438133538914484
0.05408356066882837,0.17376305371279446,-0.06387783665963354,0.05937677009296574,0.17201061288653607
0.30496299092413104,-0.08353296559673767,0.0687403874498974,0.032641588743215516,0.23715106051253232
-0.17178636887308468,0.10643285879496084,0.251107958170482,0.24010051271469485,0.21842812168391498
0.09804263642428919,0.020883393885284117,0.10559281058279915,0.11935532978849991
0.741132937372937,0.29791580100217924,0.08885683364736477,-0.1290208588880708,-0.32608582060326674
0.046893498792633416,0.012208758308813378,0.36131062674916903,-0.026305515405398616
-0.004543461928532178,0.17292685210963077,-0.014644375063493517,0.03498244164413895
0.1535462430548106,0.13369035255930142,-0.009403928447042794,0.04694401175174377,-0.1290593475078963
-0.11986474146212973,0.2622459112697161,0.2552250319175613,-0.020142389150190558
0.06367720822108505,0.30607163848779506,0.04539016785451994,0.3320471248910556,-0.4083529405194354,0.0,0.0,0.0,0.0,0.0
0.12988958294764555,-0.004351268302804208,0.053966787034385656,0.047749150423515144,-0.0020210558986520936
0.12345174377804212,-0.7068459290754318,-0.0811400293110191,-1.444444872206211,0.0,0.0,0.0,0.0,0.0,0.0,0.0,0.0,0.0,0.0,0.0
0.0797462467628704,0.034055682780413446,-0.10705431807648945,-0.6712549839727293,0.0,0.0,0.0,0.0,0.0,0.0,0.0
0.22097230796979064,0.03439459198020026,0.18561046281826413,0.11258352203321406,-0.04771563379374067,0.10377588312920043,-0.0667965964188312,-0.04910067556640237,-0.08359101093015914,0.3320471248910556,-0.9369305097438765,-0.4750443150181075,-0.28699208351516786,-0.9519683871084169,0.0,-1.2773907875430446,0.0,0.0,0.0,0.0,0.0,0.0
0.1436399157573204,0.015967544101184727,-0.057625163031159145,0.08114015306887822,0.15136089143783177
0.09968287158468639,-0.050046512563501545,-0.0811400293110191,-0.8466078714505906,0.0
0.2545374382932496,0.08003205271393328,0.06519627644483605,-0.05039447178619194,-0.10405343321196701
0.12644508539495675,0.009872684184207593,0.04859244776590457,-0.45794988165880746,0.0,0.0,0.0,0.0
0.008774107336572214,0.1622448420021726,0.05483635230656989,0.26138061284607444
0.05420657528406592,0.06144760475037863,0.21111008211778465,0.12173922237961768,-0.22498004316955653
0.10118152748293564,0.10762069976395665,-0.36495362498487954,-0.044870103418425795,-0.03198079335293564
0.1656447655125528,0.12195659005789994,-0.00586641177002017,-0.08846102148573659,0.05792947134568194
0.18910619170087084,-0.0897906022870281,-0.03784048629520375,-0.09085179001361701
-0.12920501393204306,0.011444088831780337,0.1495445562403301,0.12195659005789994,0.039804288751365775
-0.24210198078535744,-0.02977406314552145,0.04694401175174377,0.161596224183955,0.3184219589267379
-0.10124374344734087,0.0397317277093574,0.13762467469284356,-0.002591930648496334,0.1298367832433114
0.175366853168801,0.4272018924641251,0.11514523450032181,0.41353520434240004,-0.09893088143124842
1.5467315848119192,-0.18306116066693603,0.6657683281403787,0.18301154573056774,-0.12724484875975225,0.06701263186768575
0.06014918694270324,0.3862300132715176,-0.24502788441613566,0.39176635959267786,0.0,0.0,0.0
-0.16356798894973865,0.044030548338480406,0.22917808437177287,0.2882686725853094,0.2538545565056807
0.1578487735017094
0.05410916982480148,0.20590593970707272,0.420339732036734,0.0,0.0,0.0,0.0
0.1480993545663879,0.11591967649775975,0.012489843908825895,0.08678446800159245,0.20330300650583227
0.07988821938916821,0.21683431279021773,0.07382521242098594,0.0843121704395237,-0.09873579120139872,-0.4246134613912155,-0.43009292715584113,-0.39235259917299425,0.0,0.0,0.0,0.0,-1.6451155676683622,0.0,0.0,0.0,0.0,0.0,0.0,0.0,0.0
-0.14343647478124652,0.054714244729643376,0.12164259935427561,-0.1005081898065259,0.30746385775513285
0.4644672462304721,0.23281436821438595,0.0687403874498974,-0.10735997046477706,-0.3162723175952514
-0.11729147910458643,0.14087473077900084,0.2817173145360308,0.10485531284613228,0.1700076767287537
0.11932747100257984,0.05761027918929526,0.0,0.0,0.0,0.0,0.0,0.0,0.0,0.0,0.0,0.0,0.0
0.14918243420124713,0.07258772811619485,0.07251520917058835,0.02545518890407166,-0.12862247550444286
-0.13292303967309704,-0.05546594571565129,0.15513600645781989,-0.08429422336124764,-0.0752820677217125
0.13112651359511723
0.058770826972581874,0.3377289583584866,-0.23142223236035692,0.0,0.0
0.10304418181295323,-0.1345806400759363,-0.03761189181409267,0.035700169553551056,-0.15637756218576843
0.11355474475257678,-0.057567930236752364,-0.05815051108632039,0.35544000446576113,-0.08230349657431708
-0.0013026273237048242,0.1714368804872792,-0.11298658296287055,0.34731459702184403,0.3830326796239232,0.1127423498840116,-0.2194817919884391
0.07963319127673267,0.1651110970133403,0.09072572104255405,-0.05420020330515067
0.07020903775746186,0.3422512950652974,-0.06592861615428605,-0.21930725668823167,0.15433033448384917
0.1860974388017322,0.341235550945462,0.15081678391888792,-0.013698748515486485
-0.2692194096721944,0.014802020741257707,0.14151475901635113,0.11028143376075071,0.25041585453238135
0.025237410964116254,0.04694401175174377,0.04687145597445822,0.05807452501579402,-0.005824692084580532
-0.055718406117707966,-0.055718406117707966,-0.22407825810459853,0.18948406023618514,0.1910956641305267
0.11937759272342349,0.03578130874788324,0.0,0.0,0.0,0.0,0.0,0.0,0.0,0.0,0.0,0.0,0.0,0.0
0.002474110730114446,0.5521090096678574,0.7080218044885149,-0.22603138372548062,-0.1534606908906453
0.04296547208485134,0.15279776713407103,0.2125703479721122
0.08572736918660548,0.10335724765628945,0.07689814683674027,-0.01601227510328581,0.07293935486025346
0.11680875308395905,0.07529670291110582,-0.08322927048284666,0.0690856672138183,0.24415659430868372
-0.0023318134923032215,0.2181028655418378,0.043306291091032616,0.27568025290280385
0.11828060588930488,0.12228494264460452,0.1039160320658069,-0.10312313763102451,0.03436892447303408
0.13867573191051605,-0.03972624376026198,0.04816262985880447,0.06299387227276802,0.1974569709182909
0.1455582430012072,0.2758656092962086,0.06598036245550225,-0.03799666489733979,-0.21208268331957048
-0.029648049923164426,0.1992480647782084,0.12486856952645883,0.05426582148455949,0.020659188817181404
0.5423762392132805,0.35368845814603667,0.001987847652213161,-0.1802427811154409,-0.4273494412100903
0.12189076910365694,0.11525201090630065,0.05733702460126536,0.14206553558418472,-0.06633609567275962
-0.0705375203517546,0.1621180981422904,-0.31011450093602194,0.4846267124862727,0.028860865903309395
0.272226298392517,0.21976766271256168,0.11049881718974337,-0.04313686351716039,-0.28772307769976535
0.07230781101584195,4.042736781754933e-05,0.0
0.16862280827846793,0.16166967392547413,-0.0668462180538742,0.026444330546094855,0.09709587452715897
-0.10004042282806352,0.12289510452803656,0.2032948949577311,0.20549863736997237,0.1316095024983666
0.0802154329234579,-0.05886099068991902,-0.1391693607798892
0.04333162926933417,0.09508244945031077,0.09866186847579816,0.018607328168039908,-0.07574288981503378
0.05905750504462849,0.13977657503568017,0.1203852940127386,0.03690001837900034,-0.03300046609120269
-0.02178286691544561,-0.01699799268270568,0.06738948374580607,0.12028544013216727,0.0961883686097535
-0.056331071699356174,0.000714201718541939,0.11435199067268063,0.07981451165220008,0.04009448027980976
-0.17446546905214058,0.09173422828508372,0.19421899875095677,0.07251520917058835,0.022279277758131214
0.056443264628027005,0.6619041223935492,0.0,0.0,0.0,0.0,0.0
-0.09394656335823755,-0.0876209333951024,0.13145593332463715,-0.039606933374151415,0.2908785699791842
0.038036925883702236,0.057576680425726695,0.07718710058170178,0.14059056411528767,0.007639248126443001
0.06309403754555161,-0.012524350259544842,-0.008694567930910571,0.225177174984375,0.24002822617080344,0.08817744305972891,-0.07968759623070412,0.19911495329714643,0.16333878013186287,-0.25444483194867257,0.1663906644945275,0.4969094603132416
-0.049378525013483415,0.04375576970341849,0.10618785779841886,0.1659979812721827,0.3260603453419805
-0.06135666965195311,0.019346046261971072,0.3200649545744684,-0.009051180118939541
0.4171152229953643,0.029356774666261968,0.2726237044202548,-0.07737590943379338
0.08745753019123746,0.047016562265070644,0.16970917449068884,-0.09185312489546375,-0.02288274480274357
0.06215459400277294,0.06351000131648366,-0.2707973975951873,0.12085114699796408
-0.19493393909722034,0.008956882119383135,0.11627280368339402,0.1728055799646831,-0.05850568779046264,-0.08708562194577248
0.08512818235078862,0.14964009435885492,0.094375473013936,0.09531640803053744,-0.08935152015252523
0.0880749436708548,0.2601615334898373,0.24200433388293582,-0.10119226234488839,0.04036847275478927,0.4343259740114737,0.08555620957985462,0.0,0.3086997608940644,-0.9299894803896416,-0.6924571916233323,-0.8300785694993801,-0.013698748515486485,-0.23142223236035692,0.0,0.0,0.0,0.0,-1.2773907875430446,0.0,-2.050580675776527,0.0,0.0,0.0,0.0,0.0,0.0,0.0,0.0,0.0
0.28727255605497726,0.3714953952190589,-0.09991992396261538,-0.22790316714516126,-0.043898488379118916
-0.23483924186198601,0.18133050131788417,0.20333106865478495,0.21911160806180754,0.28962128078882593
-0.24491830137948012,0.07637574151082265,0.06152013947641032,0.2457348042039239,0.09515493160161281
-0.23750800494692495,-0.08656303609382286,0.02416234512175518,0.05677945558765665,0.18723195058818054,-0.036549494871003,-0.005122016340510859,0.0017608439381060724,-0.011863324323259114,0.1777896017494161,0.10404369036833482,0.11437304938138124
-0.1534606908906453,0.29335960289943325,-0.1509444793627384,0.12407391589356159,-0.3152059259591096
-0.028540649919117495,0.2790368560766881,-0.0330666876935413,0.3505560909460149,-0.18844040978667198,0.5664095598100536,-0.015372389073516159
-0.11905926417331267,-0.03916958370612625,0.021455038110308553,0.1571703145466804,0.15847835920669565
0.057993179940629934,-0.2955225733988995,0.1902901868417099
-0.06882986255116219,0.13566770355410487,0.12606319385967216,-0.7512976916462657,0.0,0.0
0.04925337002309102,-0.10744291552218785,0.016098614289458288,0.3351193239280258,-0.2025634038983771,0.3946607176190425,-0.11263869637039002,0.14664390155969273,0.6292986483589871,0.8304886894573247,0.47514796853172897,-0.11664671776792888
0.11112005028773769,-0.18482995455829043,0.43942988592964977,-0.040876330143499215,0.39898660756616494
-0.024509664619702123,0.10697864516726163,-0.08248261174585093,0.170474816552583
-0.08516982013452355,0.08229859846928848,0.03496962039163048,0.01718089801353634,0.1856087249240008
0.003738095109684023,-0.02411284178112452,0.30955526612204876,-0.03788534909179263
0.1656447655125528,0.07623071939469589,0.12195659005789994,-0.049900181369065745,-0.11653752560781751
-0.0062275700066189345,0.23705301736455564,-0.05554972938626303
0.17338123599790864,0.2151195428030061,0.06853682953161425,-0.11956223711319479
0.057135332611856264,0.14972556809710105,-0.10041520115107484
0.01971605119959133
-0.16520080689217387,0.04694401175174377,0.09129938264843021,-0.002524631884269453,0.2414337223045332
-0.075177772496601,0.051906749783301925,0.1307579439708828,0.12923739118015506
0.09968287158468639,-0.088922169753074,-0.051073340712235286,0.020492616232792797,0.06107448588696453,0.049480153106045054,-0.18471323439474963
0.03857911537223086,0.1383078481576317,-0.05296915234432281,0.07097235125343622,0.1389515559365374
-0.03462001367612622,-0.2359369127148837,0.049480153106045054,0.7661578310761845,-0.4459160420950837,-0.5342331864084382,-0.8634149897669717,0.0,-0.24502788441613566,0.0,-1.0389797640980467,0.0,0.0,0.0,-1.3574334952165812,0.0,0.0,0.0,0.0,0.0,0.0,0.0,0.0,0.0,0.0,0.0,0.0,0.0,0.0
0.1208532927019964,0.0,-1.2773907875430446,0.0,0.0,0.0,0.0,0.0,0.0
0.16020777676912643,0.1451391295654584,-0.022465038420491617
0.021631406391449406,-0.030137474858646398,0.08405866954387126
0.007162503442230694,-0.023335829203874146,0.006517133945806934,0.516289911862904,-0.08178623288762538
-0.1873622425663267,-0.4628042601236056,0.4617249481995881,-0.3823022633194928,0.3143083005536741
-0.12158771052667151,0.028860865903309395,0.0,0.0
-0.02413953778797549,-0.1265532379707208,0.17962744774632725,0.2617605921628839,-0.08989920940090063
-0.03420878211406628,0.13645305242618572,0.14681695685129023,0.05297502091762097,0.2974648521805096
0.08656707550544665,0.2077041583209392,0.08073269661014949,0.8116202051529419,-0.37660424220485494,0.0,0.0,0.0
0.052323756917912675,-0.009110627849539834,0.08292808717358505
0.09799106212330876,-0.3123098914994577,-2.3382627482283076
